1 0.00198959 0.000576981
2 0.00603529 0.00462932
3 0.00793296 0.0023072
4 0.007461 0.00217033
5 0.00737685 0.00209429
6 0.00737685 0.00215404
7 0.00737685 0.00215404
8 0.00737685 0.00215404
9 0.00733416 0.00211941
10 0.00590205 0.001239
11 0.0036496 0.00109419
12 0.00281089 0.000258571
13 0.0039245 0.001177
14 0.00128532 -0.00146076
15 0.00128532 0.000413053
16 0.00127532 0.000410155
17 0.00577854 0.00171609
18 0.00577854 0.00171609
19 0.0057696 0.00171349
20 0.0057696 0.00171349
21 0.0057696 0.00171349
22 0.00575863 0.00171031
23 0.00575863 0.00171031
24 0.00575863 0.00171031
25 0.00575863 0.00171031
26 0.00574587 0.00170661
27 0.00567829 0.00168701
28 0.00567829 0.00168701
29 0.00566433 0.00168297
30 0.00559973 0.00166423
31 0.00559973 0.00166423
32 0.00559973 0.00166423
33 0.00558411 0.0016597
34 0.021825 0.00636956
35 0.021825 0.00636956
36 0.0218086 0.00636481
37 0.0218086 0.00636481
38 0.0218086 0.0063888
39 0.0218086 0.0063888
40 0.0217789 0.00638018
41 0.0217789 0.00638018
42 0.0217789 0.00638018
43 0.0217431 0.00636981
44 0.0217431 0.00636981
45 0.0217431 0.00636981
46 0.0217431 0.00636981
47 0.0217052 0.0063588
48 0.0217052 0.0063588
49 0.0217052 0.0063588
50 0.0216626 0.00634647
51 0.0216626 0.00634647
52 0.0216626 0.00634647
53 0.0216626 0.00634647
54 0.0216161 0.00633298
55 0.0216161 0.00633298
56 0.0216161 0.00633298
57 0.0215678 0.00631896
58 0.0215678 0.00631896
59 0.0215678 0.00631896
60 0.0215678 0.00631896
61 0.0214996 0.00629919
62 0.0214996 0.00629919
63 0.0214996 0.00629919
64 0.0214996 0.00629919
65 0.0214389 0.00628159
66 0.0214389 0.00628159
67 0.0214389 0.00628159
68 0.0213781 0.00626395
69 0.0213781 0.00626395
70 0.0213781 0.00626395
71 0.0213781 0.00626395
72 0.0213074 0.00624344
73 0.0213074 0.00624344
74 0.0213074 0.00624344
75 0.0212372 0.0062231
76 0.0212372 0.0062231
77 0.0212372 0.0062231
78 0.0212372 0.0062231
79 0.0211625 0.00620143
80 0.0211625 0.00620143
81 0.0211625 0.00620143
82 0.0211625 0.00620143
83 0.0210873 0.00617962
84 0.0210873 0.00617962
85 0.0210873 0.00617962
86 0.021009 0.0061569
87 0.021009 0.0061569
88 0.021009 0.0061569
89 0.021009 0.0061569
90 0.0209194 0.00613093
91 0.0209194 0.00613093
92 0.0209194 0.00613093
93 0.0208316 0.00610548
94 0.0208316 0.00610548
95 0.0205541 0.00602498
96 0.0205541 0.00602498
97 0.0204592 0.00595263
98 0.0204603 0.00602031
99 0.0204603 0.00602031
100 0.0204603 0.00602031
101 0.0203622 0.00599185
102 0.0203622 0.00599185
103 0.0203622 0.00599185
104 0.0202614 0.00596262
105 0.0202614 0.00596262
106 0.0202614 0.00596262
107 0.0202614 0.00596262
108 0.0201548 0.0059317
109 0.0201548 0.0059317
110 0.0201548 0.0059317
111 0.0201548 0.0059317
112 0.0200418 0.00589892
113 0.0200418 0.00589892
114 0.0200418 0.00589892
115 0.0199219 0.00586415
116 0.0199219 0.00586415
117 0.0199219 0.00586415
118 0.0199219 0.00586415
119 0.0197962 0.00582771
120 0.0197962 0.00582771
121 0.0197962 0.00582771
122 0.0197962 0.00582771
123 0.0196661 0.00578999
124 0.0196661 0.00578999
125 0.0196661 0.00578999
126 0.0195277 0.00574983
127 0.0195277 0.00574983
128 0.0195277 0.00574983
129 0.0195277 0.00574983
130 0.0193861 0.00570878
131 0.0191055 0.00562739
132 0.0191055 0.00562739
133 0.0191055 0.00562739
134 0.0189559 0.00558401
135 0.0187304 0.00551862
136 0.0187304 0.00551862
137 0.0187304 0.00551862
138 0.0185682 0.00547159
139 0.0463669 0.0135332
140 0.0463669 0.0135332
141 0.0463669 0.0135332
142 0.0462007 0.013485
143 0.0462007 0.013485
144 0.0462007 0.013485
145 0.0460052 0.0134283
146 0.0460052 0.0134283
147 0.0460052 0.0134283
148 0.0457999 0.0133688
149 0.0457999 0.0133688
150 0.0457999 0.0133688
151 0.0455781 0.0133045
152 0.0455781 0.0133045
153 0.0455781 0.0133045
154 0.0455781 0.0133045
155 0.0453356 0.0132341
156 0.0453356 0.0132341
157 0.0453356 0.013284
158 0.0453356 0.013284
159 0.0450819 0.0132104
160 0.0443908 0.01301
161 0.0443908 0.01301
162 0.0443908 0.01301
163 0.0441215 0.0129319
164 0.0434452 0.0127358
165 0.0434452 0.0127358
166 0.0431558 0.0126518
167 0.0426104 0.0124937
168 0.0426104 0.0124937
169 0.0426104 0.0124937
170 0.0422903 0.0124009
171 0.0765984 0.0223502
172 0.0765984 0.0223502
173 0.0765984 0.0223502
174 0.0762917 0.0222613
175 0.0762917 0.0222613
176 0.0762917 0.0222613
177 0.0759123 0.0221513
178 0.0759123 0.0221513
179 0.0759123 0.0221513
180 0.0759123 0.0221513
181 0.0754812 0.0220262
182 0.0754812 0.0220262
183 0.0754812 0.0220262
184 0.0754812 0.0220262
185 0.075023 0.0218933
186 0.075023 0.0218933
187 0.075023 0.0218933
188 0.075023 0.0218933
189 0.0745455 0.0217549
190 0.0745455 0.0217549
191 0.0745455 0.0217549
192 0.0745455 0.0217549
193 0.0740424 0.021609
194 0.0740424 0.021609
195 0.0740424 0.021609
196 0.0734389 0.021434
197 0.0734389 0.021434
198 0.0734389 0.021434
199 0.0734389 0.021434
200 0.0728794 0.0212717
201 0.0728794 0.0212717
202 0.0728794 0.0212717
203 0.0728794 0.0212717
204 0.0723025 0.0211044
205 0.071078 0.0207493
206 0.071078 0.0207493
207 0.0704713 0.0205733
208 0.0704713 0.0205733
209 0.0704725 0.0205737
210 0.0704725 0.0205737
211 0.0698363 0.0203892
212 0.0698363 0.0203892
213 0.0698363 0.0203892
214 0.0698363 0.0203892
215 0.0691649 0.0201945
216 0.0691649 0.0202706
217 0.0691649 0.0202706
218 0.0691649 0.0202706
219 0.0684673 0.0200683
220 0.0684673 0.0200683
221 0.0684673 0.0200683
222 0.0684673 0.0200683
223 0.0677419 0.0198579
224 0.0677419 0.0198579
225 0.0677419 0.0198579
226 0.0669777 0.0196363
227 0.0669777 0.0196363
228 0.0669777 0.0196363
229 0.0669777 0.0196363
230 0.0661587 0.0193988
231 0.0661587 0.0193988
232 0.0661587 0.0193988
233 0.0661587 0.0193988
234 0.0653277 0.0191578
235 0.0653277 0.0191578
236 0.0653277 0.0191578
237 0.0642909 0.0188571
238 0.0642909 0.0188571
239 0.0642909 0.0188571
240 0.0642909 0.0188571
241 0.063319 0.0185753
242 0.0621073 0.0182239
243 0.0621073 0.0182239
244 0.0621073 0.0182239
245 0.0611665 0.017951
246 0.0611704 0.0179522
247 0.0611704 0.0179522
248 0.0611704 0.0179522
249 0.0601506 0.0176564
250 0.0601506 0.0176564
251 0.0601506 0.0176564
252 0.0601506 0.0176564
253 0.0590967 0.0173508
254 0.0590967 0.0173508
255 0.0590967 0.0173508
256 0.0590967 0.0173508
257 0.0579798 0.0170269
258 0.0579798 0.0170269
259 0.0579798 0.0170269
260 0.0579798 0.0170269
261 0.056785 0.0166804
262 0.056785 0.0166804
263 0.056785 0.0166804
264 0.056785 0.0166804
265 0.0555757 0.0163297
266 0.0555757 0.0163297
267 0.0555757 0.0163297
268 0.0555757 0.0163297
269 0.0542832 0.0159549
270 0.0542832 0.0159549
271 0.0542832 0.0159549
272 0.0542832 0.0159549
273 0.0529672 0.0155732
274 0.0529672 0.0155732
275 0.0529672 0.0155732
276 0.0529672 0.0156315
277 0.0515541 0.0152217
278 0.0515541 0.0152217
279 0.0515541 0.0152217
280 0.0515541 0.0152217
281 0.0500699 0.0147913
282 0.0500699 0.0147913
283 0.0500699 0.0147913
284 0.0500699 0.0147913
285 0.0484845 0.0143315
286 0.0484845 0.0143315
287 0.0484845 0.0143315
288 0.0484845 0.0143315
289 0.0466124 0.0137886
290 0.0466124 0.0137886
291 0.0466124 0.0137886
292 0.0466124 0.0137886
293 0.0447481 0.013248
294 0.0447481 0.013248
295 0.0447481 0.013248
296 0.0447481 0.013248
297 0.0429461 0.0127254
298 0.0429461 0.0127254
299 0.0429461 0.0127254
300 0.0429461 0.0127254
301 0.0410748 0.0121827
302 0.0410748 0.0121827
303 0.0410748 0.0121827
304 0.0410748 0.0121827
305 0.0390867 0.0116062
306 0.0390867 0.0116062
307 0.0390867 0.0116062
308 0.0390867 0.0116062
309 0.037038 0.011012
310 0.037038 0.011012
311 0.037038 0.011012
312 0.0347192 0.0103396
313 0.0347192 0.0103396
314 0.0347192 0.0103396
315 0.0347192 0.0103396
316 0.0323354 0.00964829
317 0.0323354 0.00964829
318 0.0323354 0.00964829
319 0.0323354 0.00964829
320 0.0297603 0.0089015
321 0.0297603 0.0089015
322 0.0297603 0.0089015
323 0.0297603 0.0089015
324 0.0269747 0.00809369
325 0.0269747 0.00809369
326 0.0269747 0.00809369
327 0.0269747 0.00809369
328 0.0238558 0.00718921
329 0.0238558 0.00718921
330 0.0238558 0.00718921
331 0.0203291 0.00368483
332 0.0203291 0.00618882
333 0.0203291 0.00618882
334 0.0203291 0.00618882
335 0.016608 0.00510969
336 0.016608 0.00510969
337 0.016608 0.00510969
338 0.016608 0.00510969
339 0.0132798 0.00414452
340 0.0132798 0.00414452
341 0.0132798 0.00414452
342 0.0132798 0.00414452
343 0.00990899 0.00316699
344 0.00990899 0.00316699
345 0.00990899 0.00316699
346 0.00990899 0.00316699
347 0.00571734 0.00195141
348 0.00571734 0.00195141
349 0.00571734 0.00195141
350 0.00571734 0.00195141
351 0.0014666 0.000718696
352 0.0014666 0.000718696
353 0.0014666 0.000718696
354 0.0014666 0.000718696
355 -0.0027704 -0.000510033
356 -0.0027704 -0.000510033
357 -0.0027704 -0.000510033
358 -0.0027704 -0.000510033
359 -0.00722609 -0.00180218
360 -0.00722609 -0.00180218
361 -0.00722609 -0.00180218
362 -0.00722609 -0.00180218
363 -0.0123701 -0.00329393
364 -0.0123701 -0.00329393
365 -0.0123701 -0.00329393
366 -0.0179097 -0.00490044
367 -0.0179097 -0.00490044
368 -0.0179097 -0.00490044
369 -0.0179097 -0.00490044
370 -0.0179097 -0.00490044
371 -0.0235867 -0.00654676
372 -0.0235867 -0.00654676
373 -0.0235867 -0.00654676
374 -0.0235867 -0.00654676
375 -0.0293528 -0.00821893
376 -0.0293528 -0.00821893
377 -0.0293528 -0.00821893
378 -0.0293528 -0.00821893
379 -0.0355086 -0.0100041
380 -0.0355086 -0.0100041
381 -0.0355086 -0.0100041
382 -0.0355086 -0.0100041
383 -0.0433243 -0.0122707
384 -0.0433243 -0.0122707
385 -0.0433243 -0.0122707
386 -0.0433243 -0.0123183
387 -0.051324 -0.0146382
388 -0.051324 -0.0146382
389 -0.051324 -0.0146382
390 -0.051324 -0.0146382
391 -0.0604573 -0.0172869
392 -0.0604573 -0.0172869
393 -0.0604573 -0.0172869
394 -0.0604573 -0.0172869
395 -0.0701141 -0.0200874
396 -0.0701141 -0.0200874
397 -0.0701141 -0.0200874
398 -0.0701141 -0.0200874
399 -0.079852 -0.0229114
400 -0.079852 -0.0229114
401 -0.079852 -0.0229114
402 -0.079852 -0.0229114
403 -0.0909847 -0.0261398
404 -0.0909847 -0.0261398
405 -0.0909847 -0.0261398
406 -0.0909847 -0.0261398
407 -0.102552 -0.0294945
408 -0.102552 -0.0294945
409 -0.102552 -0.0294945
410 -0.102552 -0.0294945
411 -0.115487 -0.0332456
412 -0.115487 -0.0332456
413 -0.115487 -0.0332456
414 -0.115487 -0.0332456
415 -0.115487 -0.0332456
416 -0.129764 -0.0373858
417 -0.129764 -0.0373858
418 -0.129764 -0.0373858
419 -0.129764 -0.0373858
420 -0.145724 -0.0420143
421 -0.145724 -0.0420143
422 -0.145724 -0.0420143
423 -0.145724 -0.0420143
424 -0.163712 -0.0472308
425 -0.163712 -0.0472308
426 -0.163712 -0.0472308
427 -0.163712 -0.0472308
428 -0.185233 -0.053472
429 -0.185233 -0.053472
430 -0.185233 -0.053472
431 -0.185233 -0.053472
432 -0.210401 -0.0607707
433 -0.210401 -0.0607707
434 -0.210401 -0.0607707
435 -0.210401 -0.0607707
436 -0.240607 -0.0695303
437 -0.240607 -0.0695303
438 -0.240607 -0.0695303
439 -0.240607 -0.0695303
440 -0.277322 -0.0801776
441 -0.277322 -0.0801776
442 -0.277322 -0.0804827
443 -0.277322 -0.0804827
444 -0.325985 -0.0945949
445 -0.325985 -0.0945949
446 -0.325985 -0.0945949
447 -0.325985 -0.0945949
448 -0.382583 -0.111008
449 -0.382583 -0.111008
450 -0.382583 -0.111008
451 -0.382583 -0.111008
452 -0.448906 -0.130242
453 -0.384326 -0.111514
454 -0.384326 -0.111514
455 -0.384326 -0.111514
456 -0.384326 -0.111514
457 -0.446032 -0.129409
458 -0.430151 -0.124803
459 -0.430151 -0.124803
460 -0.430151 -0.124803
461 -0.5133 -0.148916
462 -0.513274 -0.148909
463 -0.513274 -0.148909
464 -0.513274 -0.148909
465 -0.513274 -0.148909
466 -0.625546 -0.181468
467 -0.625546 -0.181468
468 -0.625546 -0.181468
469 -0.625546 -0.181468
470 -0.785896 -0.227969
471 -0.785896 -0.227969
472 -0.785896 -0.227969
473 -0.785896 -0.227969
474 -1.01473 -0.294332
475 -1.01473 -0.294332
476 -1.01473 -0.294332
477 -1.01473 -0.294332
478 -1.33788 -0.388045
479 -1.33788 -0.388045
480 -1.33788 -0.388045
481 -1.33788 -0.388045
482 -1.7911 -0.519479
483 -1.7911 -0.519479
484 -1.7911 -0.519479
485 -1.7911 -0.519479
486 -1.1026 -0.319813
487 -1.1026 -0.319813
488 -1.1026 -0.319813
489 -1.1026 -0.319813
490 -1.1026 -0.319813
491 -1.49139 -0.432563
492 -1.49139 -0.432563
493 -1.49139 -0.432563
494 -1.49139 -0.432563
495 -1.49139 -0.432563
496 -2.00779 -0.582319
497 -2.00779 -0.582319
498 -2.00779 -0.582319
499 -2.00779 -0.582319
500 -2.00779 -0.584527
501 -0.966711 -0.282614
502 -0.966711 -0.282614
503 -0.966711 -0.282614
504 -0.966711 -0.282614
505 -1.41997 -0.414059
506 -1.41997 -0.414059
507 -1.41997 -0.414059
508 -1.41997 -0.414059
509 -1.41997 -0.414059
510 -2.32317 -0.675988
511 -2.32317 -0.675988
512 -2.32317 -0.675988
513 -2.32317 -0.675988
514 -2.32317 -0.675988
515 -0.6201 -0.182097
516 -0.6201 -0.182097
517 -0.6201 -0.182097
518 -0.6201 -0.182097
519 -1.07465 -0.313917
520 -1.07465 -0.313917
521 -1.07465 -0.313917
522 -1.07465 -0.313917
523 -3.14058 -0.913035
524 -3.14058 -0.913035
525 -3.14058 -0.913035
526 -3.14058 -0.913035
527 -0.00779475 -0.00452838
528 -0.00779475 -0.00452838
529 -0.00779475 -0.00452838
530 -0.00779475 -0.00452838
531 -0.00779475 -0.00452838
532 0.848897 0.243912
533 0.848897 0.243912
534 0.848897 0.243912
535 0.848897 0.243912
536 2.0006 0.577906
537 2.0006 0.577906
538 2.0006 0.577906
539 2.0006 0.577906
540 0.490369 0.139939
541 0.490369 0.139939
542 0.490369 0.139939
543 0.490369 0.139939
544 0.490369 0.139939
545 1.1346 0.326767
546 1.1346 0.326767
547 1.1346 0.326767
548 1.1346 0.326767
549 2.2029 0.636572
550 2.2029 0.636572
551 2.2029 0.636572
552 2.2029 0.636572
553 2.2029 0.636572
554 0.547712 0.156569
555 0.547712 0.156569
556 0.547712 0.156569
557 0.547712 0.156569
558 1.36384 0.974195
559 1.36384 0.394746
560 1.36384 0.394746
561 1.36384 0.394746
562 2.44366 0.707894
563 2.44366 0.707894
564 2.44366 0.707894
565 2.44366 0.707894
566 0.298525 0.0858047
567 0.298525 0.0858047
568 0.298525 0.0858047
569 0.298525 0.0858047
570 1.4915 0.431768
571 1.4915 0.431768
572 1.4915 0.431768
573 1.4915 0.431768
574 2.95966 0.857533
575 2.95966 0.857533
576 2.95966 0.857533
577 2.95966 0.857533
578 2.95966 0.857533
579 -0.346122 -0.101143
580 -0.346122 -0.101143
581 -0.346122 -0.101143
582 -0.346122 -0.101143
583 -1.58078 -0.459193
584 -1.58078 -0.459193
585 -1.58078 -0.459193
586 -1.58078 -0.459193
587 -2.54294 -0.738221
588 -2.54294 -0.738221
589 -2.54294 -0.738221
590 -2.54294 -0.738221
591 -2.79878 -0.812415
592 -2.79878 -0.812415
593 -2.79878 -0.812415
594 -2.79878 -0.812415
595 -2.79878 -0.812415
596 -2.93873 -0.852999
597 -2.93873 -0.852999
598 -2.93873 -0.852999
599 -2.93873 -0.852999
600 -3.05182 -0.885794
601 -3.05182 -0.885794
602 -3.05182 -0.885794
603 -3.05182 -0.885794
604 -3.13522 -0.909981
605 -3.13522 -0.909981
606 -3.13522 -0.909981
607 -3.13522 -0.909981
608 3.07031 0.889624
609 3.07031 0.889624
610 3.07031 0.889624
611 3.07031 0.889624
612 2.99409 0.867518
613 2.99409 0.870812
614 2.99409 0.870812
615 2.99409 0.870812
616 2.93479 0.853614
617 2.93479 0.853614
618 2.93479 0.853614
619 2.93479 0.853614
620 2.90481 0.844919
621 2.90481 0.844919
622 2.90481 0.844919
623 2.90481 0.844919
624 2.90481 0.844919
625 2.89886 0.843196
626 2.89886 0.843196
627 2.89886 0.843196
628 2.89886 0.843196
629 2.90675 0.845484
630 2.90675 0.845484
631 2.90675 0.845484
632 2.90675 0.845484
633 2.92521 0.850835
634 2.92521 0.850835
635 2.92521 0.850835
636 2.92521 0.850835
637 2.9485 0.857591
638 2.9485 0.857591
639 2.9485 0.857591
640 2.9485 0.857591
641 2.9485 0.857591
642 2.97696 0.865843
643 2.97696 0.865843
644 2.97696 0.865843
645 2.97696 0.865843
646 3.00733 0.874651
647 3.00733 0.874651
648 3.00733 0.874651
649 3.00733 0.874651
650 3.00733 0.874651
651 3.03814 0.883587
652 3.03814 0.883587
653 3.03814 0.883587
654 3.03814 0.883587
655 3.07025 0.892899
656 3.07025 0.892899
657 3.07025 0.892899
658 3.07025 0.892899
659 3.07025 0.892899
660 3.10068 0.901722
661 3.10068 0.901722
662 3.10068 0.901722
663 3.10068 0.901722
664 3.13175 0.910735
665 3.13175 0.910735
666 3.13175 0.910735
667 3.13175 0.910735
668 -3.12079 -0.902504
669 -3.12079 -0.902504
670 -3.12079 -0.902504
671 -3.12079 -0.902504
672 -3.0855 -0.870604
673 -3.0855 -0.895663
674 -3.0855 -0.895663
675 -3.0855 -0.895663
676 -3.0855 -0.895663
677 -3.05547 -0.886956
678 -3.05547 -0.886956
679 -3.05547 -0.886956
680 -3.05547 -0.886956
681 -3.03356 -0.8806
682 -3.03356 -0.8806
683 -3.03356 -0.8806
684 -3.03356 -0.8806
685 -3.02297 -0.87753
686 -3.02297 -0.87753
687 -3.02297 -0.87753
688 -3.02297 -0.87753
689 -3.0204 -0.876784
690 -3.0204 -0.876784
691 -3.0204 -0.876784
692 -3.0204 -0.876784
693 -3.0204 -0.876784
694 -3.02361 -0.877716
695 -3.02361 -0.877716
696 -3.02361 -0.877716
697 -3.02361 -0.877716
698 -3.03172 -0.880067
699 -3.03172 -0.880067
700 -3.03172 -0.880067
701 -3.03172 -0.880067
702 -3.03172 -0.880067
703 -3.04432 -0.883722
704 -3.04432 -0.883722
705 -3.04432 -0.883722
706 -3.04432 -0.883722
707 -3.04432 -0.883722
708 -3.0596 -0.888152
709 -3.0596 -0.888152
710 -3.0596 -0.888152
711 -3.0596 -0.888152
712 -3.07637 -0.893015
713 -3.07637 -0.893015
714 -3.07637 -0.893015
715 -3.07637 -0.893015
716 -3.07637 -0.893015
717 -3.09318 -0.89789
718 -3.09318 -0.89789
719 -3.09318 -0.89789
720 -3.09318 -0.89789
721 -3.11135 -0.903159
722 -3.11135 -0.903159
723 -3.11135 -0.903159
724 -3.11135 -0.903159
725 -3.11135 -0.903159
726 -3.1306 -0.908741
727 -3.1306 -0.908741
728 -3.1306 -0.908741
729 -3.1306 -0.908741
730 3.13383 1.2
731 3.13383 0.911389
732 3.13383 0.911389
733 3.13383 0.911389
734 3.11256 0.905222
735 3.11256 0.905222
736 3.11256 0.905222
737 3.11256 0.905222
738 3.09216 0.899304
739 3.09216 0.899304
740 3.09216 0.899304
741 3.09216 0.899304
742 3.07856 0.895361
743 3.07856 0.895361
744 3.07856 0.895361
745 3.07856 0.895361
746 3.07856 0.895361
747 3.06962 0.892768
748 3.06962 0.892768
749 3.06962 0.892768
750 3.06962 0.892768
751 3.06597 0.89171
752 3.06597 0.89171
753 3.06597 0.89171
754 3.06597 0.89171
755 3.06604 0.89173
756 3.06604 0.89173
757 3.06604 0.89173
758 3.06604 0.89173
759 3.0694 0.892706
760 3.0694 0.892706
761 3.0694 0.892706
762 3.0694 0.892706
763 3.07557 0.894493
764 3.07557 0.894493
765 3.07557 0.894493
766 3.07557 0.894493
767 3.07557 0.894493
768 3.08448 0.897077
769 3.08448 0.897077
770 3.08448 0.897077
771 3.08448 0.897077
772 3.09452 0.899991
773 3.09452 0.899991
774 3.09452 0.899991
775 3.09452 0.899991
776 3.09452 0.899991
777 3.10553 0.903184
778 3.10553 0.903184
779 3.10553 0.903184
780 3.10553 0.903184
781 3.11794 0.906782
782 3.11794 0.906782
783 3.11794 0.906782
784 3.11794 0.906782
785 3.13028 0.910361
786 3.13028 0.910361
787 3.13028 0.913804
788 3.13028 0.913804
789 -3.13982 -0.904527
790 -3.13982 -0.904527
791 -3.13982 -0.904527
792 -3.13982 -0.904527
793 -3.13982 -0.904527
794 -3.12516 -0.900276
795 -3.12516 -0.900276
796 -3.12516 -0.900276
797 -3.12516 -0.900276
798 -3.12516 -0.900276
799 -3.11071 -0.896084
800 -3.11071 -0.896084
801 -3.11071 -0.896084
802 -3.11071 -0.896084
803 -3.10023 -0.893043
804 -3.10023 -0.893043
805 -3.10023 -0.893043
806 -3.10023 -0.893043
807 -3.09405 -0.891253
808 -3.09405 -0.891253
809 -3.09405 -0.891253
810 -3.09405 -0.891253
811 -3.09405 -0.891253
812 -3.09104 -0.89038
813 -3.09104 -0.89038
814 -3.09104 -0.89038
815 -3.09104 -0.89038
816 -3.09101 -0.890369
817 -3.09101 -0.890369
818 -3.09101 -0.890369
819 -3.09101 -0.890369
820 -3.09399 -0.891234
821 -3.09399 -0.891234
822 -3.09399 -0.891234
823 -3.09399 -0.891234
824 -3.09399 -0.891234
825 -3.09943 -0.892812
826 -3.09943 -0.892812
827 -3.09943 -0.892812
828 -3.09943 -0.892812
829 -3.1067 -0.89492
830 -3.1067 -0.89492
831 -3.1067 -0.89492
832 -3.1067 -0.89492
833 -3.1067 -0.89492
834 -3.1145 -0.897182
835 -3.1145 -0.897182
836 -3.1145 -0.897182
837 -3.1145 -0.897182
838 -3.12394 -0.89992
839 -3.12394 -0.89992
840 -3.12394 -0.89992
841 -3.12394 -0.89992
842 -3.1337 -0.902751
843 -3.1337 -0.902751
844 -3.1337 -0.902751
845 -3.1337 -0.906198
846 -3.1337 -0.906198
847 3.13909 0.912913
848 3.13909 0.912913
849 3.13909 0.912913
850 3.13909 0.912913
851 3.12816 0.909742
852 3.12816 0.909742
853 3.12816 0.909742
854 3.12816 0.909742
855 3.12816 0.909742
856 3.11738 0.906616
857 3.11738 0.906616
858 3.11738 0.906616
859 3.11738 0.906616
860 3.10913 0.904222
861 3.10913 0.904222
862 3.10913 0.904222
863 3.10913 0.904222
864 3.10424 0.902806
865 3.10424 0.902806
866 3.10424 0.902806
867 3.10424 0.902806
868 3.10424 0.902806
869 3.10164 0.902051
870 3.10164 0.902051
871 3.10164 0.902051
872 3.10164 0.902051
873 3.10126 0.90194
874 3.10126 0.90194
875 3.10126 0.90194
876 3.10126 0.90194
877 3.10126 0.90194
878 3.1033 0.902534
879 3.1033 0.902534
880 3.1033 0.902534
881 3.1033 0.902534
882 3.10793 0.903874
883 3.10793 0.903874
884 3.10793 0.903874
885 3.10793 0.903874
886 3.10793 0.903874
887 3.11405 0.90565
888 3.11405 0.90565
889 3.11405 0.90565
890 3.11405 0.90565
891 3.11405 0.90565
892 3.12092 0.907641
893 3.12092 0.907641
894 3.12092 0.907641
895 3.12092 0.907641
896 3.12092 0.907641
897 3.13018 0.910328
898 3.13018 0.910328
899 3.13018 0.910328
900 3.13018 0.910328
901 3.13907 0.912904
902 3.13907 0.912904
903 3.13907 0.912904
904 3.13907 0.916357
905 3.13907 0.916357
906 -3.13527 -0.903201
907 -3.13527 -0.903201
908 -3.13527 -0.903201
909 -3.13527 -0.903201
910 -3.12569 -0.900421
911 -3.12569 -0.900421
912 -3.12569 -0.900421
913 -3.12569 -0.900421
914 -3.12569 -0.900421
915 -3.11599 -0.897609
916 -3.11599 -0.897609
917 -3.11599 -0.897609
918 -3.11599 -0.897609
919 -3.10765 -0.89519
920 -3.10765 -0.89519
921 -3.10765 -0.89519
922 -3.10765 -0.89519
923 -3.10765 -0.89519
924 -3.1028 -0.893782
925 -3.1028 -0.893782
926 -3.1028 -0.893782
927 -3.1028 -0.893782
928 -3.1028 -0.893782
929 -3.10059 -0.893144
930 -3.10059 -0.893144
931 -3.10059 -0.893144
932 -3.10059 -0.893144
933 -3.10059 -0.893144
934 -3.10047 -0.893108
935 -3.10047 -0.893108
936 -3.10047 -0.893108
937 -3.10047 -0.893108
938 -3.10047 -0.893108
939 -3.10287 -0.893803
940 -3.10287 -0.893803
941 -3.10287 -0.893803
942 -3.10287 -0.893803
943 -3.10704 -0.895013
944 -3.10704 -0.895013
945 -3.10704 -0.895013
946 -3.10704 -0.895013
947 -3.10704 -0.895013
948 -3.11224 -0.896522
949 -3.11224 -0.896522
950 -3.11224 -0.896522
951 -3.11224 -0.896522
952 -3.11224 -0.896522
953 -3.11881 -0.898427
954 -3.11881 -0.898427
955 -3.11881 -0.898427
956 -3.11881 -0.898427
957 -3.11881 -0.898427
958 -3.12498 -0.900215
959 -3.12498 -0.900215
960 -3.12498 -0.900215
961 -3.12498 -0.900215
962 -3.12498 -0.900215
963 -3.13238 -0.902362
964 -3.13238 -0.905808
965 -3.13238 -0.905808
966 -3.13238 -0.905808
967 3.14153 0.913625
968 3.14153 0.913625
969 3.14153 0.913625
970 3.14153 0.913625
971 3.14153 0.913625
972 3.13291 0.911127
973 3.13291 0.911127
974 3.13291 0.911127
975 3.13291 0.911127
976 3.12368 0.908449
977 3.12367 0.908447
978 3.12367 0.908447
979 3.12367 0.908447
980 3.12367 0.908447
981 3.11722 0.906577
982 -3.14153 -0.90846
983 -3.14153 -0.90846
984 -3.14153 -0.90846
985 -3.14153 -0.90846
986 3.13749 0.912455
987 3.13749 0.912455
988 3.13749 0.912455
989 3.13749 0.912455
990 3.13359 0.911324
991 3.13359 0.911324
992 3.13359 0.911324
993 3.13359 0.911324
994 3.13359 0.911324
995 3.12997 0.910275
996 3.12997 0.910275
997 3.12997 0.910275
998 3.12997 0.910275
999 3.12997 0.910275
1000 3.12809 0.909729
1001 3.12809 0.909729
1002 3.12809 0.909729
1003 3.12809 0.909729
1004 3.12809 0.909729
1005 3.12786 0.909662
1006 3.12786 0.909662
1007 3.12786 0.909662
1008 3.12786 0.909662
1009 3.12929 0.910077
1010 3.12929 0.910077
1011 3.12929 0.910077
1012 3.12929 0.910077
1013 3.12929 0.910077
1014 3.13244 0.91099
1015 3.13244 0.91099
1016 3.13244 0.91099
1017 3.13244 0.91099
1018 3.13244 0.91099
1019 3.13663 0.912204
1020 3.13663 0.912204
1021 3.13663 0.912204
1022 3.13663 0.912204
1023 3.13663 0.915654
1024 3.14159 0.917094
1025 3.14159 0.917094
1026 3.14159 0.917094
1027 3.14159 0.917094
1028 -3.13545 -0.903246
1029 -3.13545 -0.903246
1030 -3.13545 -0.903246
1031 -3.13545 -0.903246
1032 -3.13545 -0.903246
1033 -3.12855 -0.901247
1034 -3.12855 -0.901247
1035 -3.12855 -0.901247
1036 -3.12855 -0.901247
1037 -3.12855 -0.901247
1038 -3.12223 -0.899415
1039 -3.12223 -0.899415
1040 -3.12223 -0.899415
1041 -3.12223 -0.899415
1042 -3.12223 -0.899415
1043 -3.11749 -0.898039
1044 -3.11749 -0.898039
1045 -3.11749 -0.898039
1046 -3.11749 -0.898039
1047 -3.11749 -0.898039
1048 -3.11499 -0.897313
1049 -3.11499 -0.897313
1050 -3.11499 -0.897313
1051 -3.11499 -0.897313
1052 -3.11499 -0.897313
1053 -3.11423 -0.897093
1054 -3.11423 -0.897093
1055 -3.11423 -0.897093
1056 -3.11423 -0.897093
1057 -3.11524 -0.897387
1058 -3.11524 -0.897387
1059 -3.11524 -0.897387
1060 -3.11524 -0.897387
1061 -3.11524 -0.897387
1062 -3.11807 -0.898208
1063 -3.11807 -0.898208
1064 -3.11807 -0.898208
1065 -3.11807 -0.898208
1066 -3.11807 -0.898208
1067 -3.12227 -0.899425
1068 -3.12227 -0.899425
1069 -3.12227 -0.899425
1070 -3.12227 -0.899425
1071 -3.12722 -0.900862
1072 -3.12722 -0.900862
1073 -3.12722 -0.900862
1074 -3.12722 -0.900862
1075 -3.12722 -0.900862
1076 -3.13293 -0.902516
1077 -3.13293 -0.902516
1078 -3.13293 -0.902516
1079 -3.13293 -0.902516
1080 -3.13905 -0.912093
1081 -3.13905 -0.907745
1082 -3.13905 -0.907745
1083 -3.13905 -0.907745
1084 3.13757 0.912476
1085 3.13757 0.912476
1086 3.13757 0.912476
1087 3.13757 0.912476
1088 3.13065 0.910469
1089 3.13065 0.910469
1090 3.13065 0.910469
1091 3.13065 0.910469
1092 3.1236 0.908424
1093 3.1236 0.908424
1094 3.1236 0.908424
1095 3.1236 0.908424
1096 3.1236 0.908424
1097 3.11788 0.906765
1098 3.11788 0.906765
1099 3.11788 0.906765
1100 3.11788 0.906765
1101 3.11402 0.905647
1102 3.11402 0.905647
1103 3.11402 0.905647
1104 3.11402 0.905647
1105 3.11163 0.904952
1106 3.11163 0.904952
1107 3.11163 0.904952
1108 3.11163 0.904952
1109 3.11163 0.904952
1110 3.11059 0.904651
1111 3.11059 0.904651
1112 3.11059 0.904651
1113 3.11059 0.904651
1114 3.11059 0.904651
1115 3.11104 0.904782
1116 3.11104 0.904782
1117 3.11104 0.904782
1118 3.11104 0.904782
1119 3.11307 0.905371
1120 3.11307 0.905371
1121 3.11307 0.905371
1122 3.11307 0.905371
1123 3.11604 0.906233
1124 3.11604 0.906233
1125 3.11604 0.906233
1126 3.11604 0.906233
1127 3.11604 0.906233
1128 3.1196 0.907263
1129 3.1196 0.907263
1130 3.1196 0.907263
1131 3.1196 0.907263
1132 3.12382 0.908488
1133 3.12382 0.908488
1134 3.12382 0.908488
1135 3.12382 0.911924
1136 3.12836 0.913242
1137 3.12836 0.913242
1138 3.12836 0.913242
1139 3.12836 0.913242
1140 3.12836 0.913242
1141 3.13322 0.91465
1142 3.13322 0.91465
1143 3.13322 0.91465
1144 3.13322 0.91465
1145 3.13875 0.916252
1146 3.13875 0.916252
1147 3.13875 0.916252
1148 3.13875 0.916252
1149 3.13875 0.916252
1150 -3.13874 -0.904219
1151 -3.13874 -0.904219
1152 -3.13874 -0.904219
1153 -3.13874 -0.904219
1154 -3.13203 -0.902274
1155 -3.13203 -0.902274
1156 -3.13203 -0.902274
1157 -3.13203 -0.902274
1158 -3.12548 -0.900374
1159 -3.12548 -0.900374
1160 -3.12548 -0.900374
1161 -3.12548 -0.900374
1162 -3.11971 -0.898698
1163 -3.11971 -0.898698
1164 -3.11971 -0.898698
1165 -3.11971 -0.898698
1166 -3.11614 -0.897664
1167 -3.11614 -0.897664
1168 -3.11614 -0.897664
1169 -3.11614 -0.897664
1170 -3.11355 -0.896913
1171 -3.11355 -0.896913
1172 -3.11355 -0.896913
1173 -3.11355 -0.896913
1174 -3.11355 -0.896913
1175 -3.11246 -0.896598
1176 -3.11246 -0.896598
1177 -3.11246 -0.896598
1178 -3.11246 -0.896598
1179 -3.11286 -0.896712
1180 -3.11286 -0.896712
1181 -3.11286 -0.896712
1182 -3.11286 -0.896712
1183 -3.11286 -0.896712
1184 -3.11469 -0.897243
1185 -3.11469 -0.897243
1186 -3.11469 -0.897243
1187 -3.11469 -0.897243
1188 -3.11741 -0.898033
1189 -3.11741 -0.898033
1190 -3.11741 -0.898033
1191 -3.11741 -0.901462
1192 -3.11741 -0.901462
1193 -3.12052 -0.902364
1194 -3.12052 -0.902364
1195 -3.12052 -0.902364
1196 -3.12052 -0.902364
1197 -3.12052 -0.902364
1198 -3.12409 -0.903399
1199 -3.12409 -0.903399
1200 -3.12409 -0.903399
1201 -3.12409 -0.903399
1202 -3.12813 -0.904572
1203 -3.12813 -0.904572
1204 -3.12813 -0.904572
1205 -3.12813 -0.904572
1206 -3.12813 -0.904572
1207 -3.1326 -0.905866
1208 -3.1326 -0.905866
1209 -3.1326 -0.905866
1210 -3.1326 -0.905866
1211 -3.1374 -0.90726
1212 -3.1374 -0.90726
1213 -3.1374 -0.90726
1214 -3.1374 -0.90726
1215 -3.1374 -0.90726
1216 3.14055 0.913345
1217 3.14055 0.913345
1218 3.14055 0.913345
1219 3.14055 0.913345
1220 3.13492 0.911712
1221 3.13492 0.911712
1222 3.13492 0.911712
1223 3.13492 0.911712
1224 3.13492 0.911712
1225 3.12931 0.910087
1226 3.12931 0.910087
1227 3.12931 0.910087
1228 3.12398 0.90854
1229 3.12398 0.90854
1230 3.12398 0.90854
1231 3.12398 0.90854
1232 3.12073 0.907598
1233 3.12073 0.907598
1234 3.12073 0.907598
1235 3.12073 0.907598
1236 3.12073 0.907598
1237 3.11872 0.907016
1238 3.11872 0.907016
1239 3.11872 0.907016
1240 3.11872 0.907016
1241 3.11773 0.906727
1242 3.11773 0.906727
1243 3.11773 0.906727
1244 3.11773 0.906727
1245 3.11784 0.906762
1246 3.11784 0.906762
1247 3.11784 0.906762
1248 3.11784 0.910191
1249 3.11784 0.910191
1250 3.11915 0.910569
1251 3.11915 0.910569
1252 3.11915 0.910569
1253 3.11915 0.910569
1254 3.12129 0.91119
1255 3.12129 0.91119
1256 3.12129 0.91119
1257 3.12129 0.91119
1258 3.12129 0.91119
1259 3.124 0.911976
1260 3.124 0.911976
1261 3.124 0.911976
1262 3.124 0.911976
1263 3.12722 0.912909
1264 3.12722 0.912909
1265 3.12722 0.912909
1266 3.12722 0.912909
1267 3.13087 0.913968
1268 3.13087 0.913968
1269 3.13087 0.913968
1270 3.13087 0.913968
1271 3.13493 0.915146
1272 3.13493 0.915146
1273 3.13493 0.915146
1274 3.13493 0.915146
1275 3.13941 0.916447
1276 3.13941 0.916447
1277 3.13941 0.916447
1278 3.13941 0.916447
1279 -3.13892 -0.904272
1280 -3.13892 -0.904272
1281 -3.13892 -0.904272
1282 -3.13892 -0.904272
1283 -3.13397 -0.902833
1284 -3.13397 -0.902833
1285 -3.13397 -0.902833
1286 -3.13397 -0.902833
1287 -3.13397 -0.902833
1288 -3.12877 -0.901326
1289 -3.12877 -0.901326
1290 -3.12877 -0.901326
1291 -3.12877 -0.901326
1292 -3.12437 -0.90005
1293 -3.12437 -0.90005
1294 -3.12437 -0.90005
1295 -3.12437 -0.90005
1296 -3.12109 -0.899099
1297 -3.12109 -0.899099
1298 -3.12109 -0.899099
1299 -3.12109 -0.899099
1300 -3.11892 -0.89847
1301 -3.11892 -0.89847
1302 -3.11892 -0.901901
1303 -3.11892 -0.901901
1304 -3.11798 -0.901628
1305 -3.11798 -0.901628
1306 -3.11798 -0.901628
1307 -3.11798 -0.901628
1308 -3.11812 -0.90167
1309 -3.11812 -0.90167
1310 -3.11812 -0.90167
1311 -3.11812 -0.90167
1312 -3.11812 -0.90167
1313 -3.11923 -0.901991
1314 -3.11923 -0.901991
1315 -3.11923 -0.901991
1316 -3.11923 -0.901991
1317 -3.12145 -0.902634
1318 -3.12145 -0.902634
1319 -3.12145 -0.902634
1320 -3.12145 -0.902634
1321 -3.12403 -0.903382
1322 -3.12403 -0.903382
1323 -3.12403 -0.903382
1324 -3.12403 -0.903382
1325 -3.12691 -0.904218
1326 -3.12691 -0.904218
1327 -3.12691 -0.904218
1328 -3.12691 -0.904218
1329 -3.12691 -0.904218
1330 -3.1301 -0.905145
1331 -3.1301 -0.905145
1332 -3.1301 -0.905145
1333 -3.1301 -0.905145
1334 -3.13379 -0.906215
1335 -3.13379 -0.906215
1336 -3.13379 -0.906215
1337 -3.13379 -0.906215
1338 -3.13767 -0.907337
1339 -3.13767 -0.907337
1340 -3.13767 -0.907337
1341 -3.13767 -0.907337
1342 -3.13767 -0.907337
1343 3.14115 0.913518
1344 3.14115 0.913518
1345 3.14115 0.913518
1346 3.14115 0.913518
1347 3.13643 0.912149
1348 3.13643 0.912149
1349 3.13643 0.912149
1350 3.13643 0.912149
1351 3.13186 0.910827
1352 3.13186 0.910827
1353 3.13186 0.910827
1354 3.13186 0.910827
1355 3.13186 0.910827
1356 3.12785 0.909661
1357 3.12785 0.909661
1358 3.12785 0.909661
1359 3.12785 0.909661
1360 3.12485 0.910103
1361 3.12485 0.91223
1362 3.12485 0.91223
1363 3.12485 0.91223
1364 3.12291 0.911666
1365 3.12291 0.911666
1366 3.12291 0.911666
1367 3.12291 0.911666
1368 3.12187 0.911364
1369 3.12187 0.911364
1370 3.12187 0.911364
1371 3.12187 0.911364
1372 3.12176 0.911333
1373 3.12176 0.911333
1374 3.12176 0.911333
1375 3.12176 0.911333
1376 3.12266 0.911595
1377 3.12266 0.911595
1378 3.12266 0.911595
1379 3.12266 0.911595
1380 3.12428 0.912065
1381 3.12428 0.912065
1382 3.12428 0.912065
1383 3.12428 0.912065
1384 3.12642 0.912684
1385 3.12642 0.912684
1386 3.12642 0.912684
1387 3.12642 0.912684
1388 3.12872 0.913353
1389 3.12872 0.913353
1390 3.12872 0.913353
1391 3.12872 0.913353
1392 3.12872 0.913353
1393 3.13133 0.914109
1394 3.13133 0.914109
1395 3.13133 0.914109
1396 3.13434 0.914981
1397 3.13434 0.914981
1398 3.13434 0.914981
1399 3.13434 0.914981
1400 3.13774 0.915969
1401 3.13774 0.915969
1402 3.13774 0.915969
1403 -3.14153 -0.905022
1404 -3.14153 -0.905022
1405 -3.14153 -0.905022
1406 -3.14153 -0.905022
1407 -3.13739 -0.903821
1408 -3.13739 -0.903821
1409 -3.13739 -0.903821
1410 -3.13739 -0.903821
1411 -3.13314 -0.902587
1412 -3.13314 -0.902587
1413 -3.13314 -0.906033
1414 -3.13314 -0.906033
1415 -3.12951 -0.904982
1416 -3.12951 -0.904982
1417 -3.12951 -0.904982
1418 -3.12951 -0.904982
1419 -3.12671 -0.904169
1420 -3.12671 -0.904169
1421 -3.12671 -0.904169
1422 -3.12671 -0.904169
1423 -3.12528 -0.903754
1424 -3.12528 -0.903754
1425 -3.12528 -0.903754
1426 -3.12528 -0.903754
1427 -3.12528 -0.903754
1428 -3.12454 -0.903541
1429 -3.12454 -0.903541
1430 -3.12454 -0.903541
1431 -3.12454 -0.903541
1432 -3.12456 -0.903546
1433 -3.12456 -0.903546
1434 -3.12456 -0.903546
1435 -3.12456 -0.903546
1436 -3.12535 -0.903774
1437 -3.12535 -0.903774
1438 -3.12535 -0.903774
1439 -3.12535 -0.903774
1440 -3.12535 -0.903774
1441 -3.12691 -0.904226
1442 -3.12691 -0.904226
1443 -3.12691 -0.904226
1444 -3.12691 -0.904226
1445 -3.12914 -0.904873
1446 -3.12914 -0.904873
1447 -3.12914 -0.904873
1448 -3.12914 -0.904873
1449 -3.13161 -0.90559
1450 -3.13161 -0.90559
1451 -3.13161 -0.90559
1452 -3.13161 -0.90559
1453 -3.13161 -0.90559
1454 -3.13433 -0.90638
1455 -3.13433 -0.90638
1456 -3.13433 -0.90638
1457 -3.13775 -0.907372
1458 -3.13775 -0.907372
1459 -3.13775 -0.907372
1460 -3.13775 -0.907372
1461 -3.13775 -0.907372
1462 -3.14141 -0.908431
1463 -3.14141 -0.908431
1464 -3.14141 -0.908431
1465 -3.14141 -0.908431
1466 3.13806 0.912614
1467 3.13806 0.912614
1468 3.13806 0.912614
1469 3.13806 0.916066
1470 3.13806 0.916066
1471 3.13369 0.914799
1472 3.13369 0.914799
1473 3.13369 0.914799
1474 3.13369 0.914799
1475 3.13358 0.914767
1476 3.13358 0.914767
1477 3.13358 0.914767
1478 3.13358 0.914767
1479 3.1335 0.914743
1480 3.1335 0.914743
1481 3.1335 0.914743
1482 3.1335 0.914743
1483 3.1335 0.914743
1484 3.13361 0.914775
1485 3.13361 0.914775
1486 3.13361 0.914775
1487 3.13361 0.914775
1488 3.13359 0.914771
1489 3.13359 0.914771
1490 3.13359 0.914771
1491 3.13359 0.914771
1492 3.13348 0.914737
1493 3.13348 0.914737
1494 3.13348 0.914737
1495 3.13348 0.914737
1496 3.1334 0.914716
1497 3.1334 0.914716
1498 3.1334 0.914716
1499 3.1334 0.914716
1500 3.13366 0.91479
1501 3.13366 0.91479
1502 3.13366 0.91479
1503 3.13366 0.91479
1504 3.13431 0.914977
1505 3.13431 0.914977
1506 3.13431 0.914977
1507 3.13431 0.914977
1508 3.13519 0.915234
1509 3.13519 0.915234
1510 3.13519 0.915234
1511 3.13519 0.915234
1512 3.13619 0.915524
1513 3.13619 0.915524
1514 3.13619 0.915524
1515 3.13619 0.915524
1516 3.13743 0.915885
1517 3.13743 0.915885
1518 3.13743 0.915885
1519 3.13743 0.915885
1520 3.13894 0.916321
1521 3.13894 0.916321
1522 3.13894 0.916321
1523 3.13894 0.916321
1524 3.13894 0.916321
1525 3.14072 0.916838
1526 3.14072 0.920293
1527 3.14072 0.920293
1528 3.14072 0.920293
1529 -3.1404 -0.901232
1530 -3.1404 -0.901232
1531 -3.1404 -0.901232
1532 -3.1404 -0.901232
1533 -3.13793 -0.900517
1534 -3.13793 -0.900517
1535 -3.13793 -0.900517
1536 -3.13793 -0.900517
1537 -3.13555 -0.899825
1538 -3.13555 -0.899825
1539 -3.13555 -0.899825
1540 -3.13555 -0.899825
1541 -3.13382 -0.899323
1542 -3.13382 -0.899323
1543 -3.13382 -0.899323
1544 -3.13382 -0.899323
1545 -3.13382 -0.899323
1546 -3.13276 -0.899016
1547 -3.13276 -0.899016
1548 -3.13276 -0.899016
1549 -3.13276 -0.899016
1550 -3.13241 -0.898915
1551 -3.13241 -0.898915
1552 -3.13241 -0.898915
1553 -3.13241 -0.898915
1554 -3.13276 -0.899018
1555 -3.13276 -0.899018
1556 -3.13276 -0.899018
1557 -3.13276 -0.899018
1558 -3.13371 -0.899292
1559 -3.13371 -0.899292
1560 -3.13371 -0.899292
1561 -3.13371 -0.899292
1562 -3.13371 -0.899292
1563 -3.13538 -0.899777
1564 -3.13538 -0.899777
1565 -3.13538 -0.899777
1566 -3.13538 -0.899777
1567 -3.1377 -0.90045
1568 -3.1377 -0.90045
1569 -3.1377 -0.90045
1570 -3.1377 -0.90045
1571 -3.1377 -0.90045
1572 -3.14037 -0.901225
1573 -3.14037 -0.901225
1574 -3.14037 -0.901225
1575 -3.14037 -0.901225
1576 3.13966 0.919984
1577 3.13966 0.919984
1578 3.13966 0.919984
1579 3.13966 0.919984
1580 3.13817 0.919552
1581 3.13817 0.919552
1582 3.13817 0.919552
1583 3.13817 0.919552
1584 3.13803 0.92287
1585 3.13803 0.922965
1586 3.13803 0.922965
1587 3.13803 0.922965
1588 3.13833 0.92305
1589 3.13833 0.92305
1590 3.13833 0.92305
1591 3.13833 0.92305
1592 3.13833 0.923052
1593 3.13833 0.923052
1594 3.13833 0.923052
1595 3.13833 0.923052
1596 3.13831 0.923045
1597 3.13831 0.923045
1598 3.13831 0.923045
1599 3.13831 0.923045
1600 3.13826 0.923031
1601 3.13826 0.923031
1602 3.13826 0.923031
1603 3.13826 0.923031
1604 3.13843 0.923079
1605 3.13843 0.923079
1606 3.13843 0.923079
1607 3.13843 0.923079
1608 3.1391 0.923274
1609 3.1391 0.923274
1610 3.1391 0.923274
1611 3.1391 0.923274
1612 3.14021 0.923597
1613 3.14021 0.923597
1614 3.14021 0.923597
1615 3.14021 0.923597
1616 -3.1415 -0.898099
1617 -3.1415 -0.898099
1618 -3.1415 -0.898099
1619 -3.1415 -0.898099
1620 -3.14026 -0.897741
1621 -3.14026 -0.897741
1622 -3.14026 -0.897741
1623 -3.14026 -0.897741
1624 -3.13928 -0.897456
1625 -3.13928 -0.897456
1626 -3.13928 -0.897456
1627 -3.13928 -0.897456
1628 -3.13901 -0.897379
1629 -3.13901 -0.897379
1630 -3.13901 -0.897379
1631 -3.13901 -0.897379
1632 -3.13937 -0.897481
1633 -3.13937 -0.897481
1634 -3.13937 -0.897481
1635 -3.13937 -0.897481
1636 -3.14032 -0.901892
1637 -3.14032 -0.901213
1638 -3.14032 -0.901213
1639 -3.14032 -0.901213
1640 3.14123 0.920436
1641 3.14123 0.920436
1642 3.14123 0.920436
1643 3.14123 0.920436
1644 3.13914 0.919832
1645 3.13914 0.919832
1646 3.13914 0.919832
1647 3.13914 0.919832
1648 3.13956 0.919954
1649 3.13956 0.919954
1650 3.13956 0.919954
1651 3.13972 0.92
1652 3.13972 0.92
1653 3.13972 0.92
1654 3.13972 0.92
1655 3.13974 0.920006
1656 3.13974 0.920006
1657 3.13974 0.920006
1658 3.13974 0.920006
1659 3.13975 0.920008
1660 3.13975 0.920008
1661 3.13975 0.920008
1662 3.13975 0.920008
1663 3.13997 0.920072
1664 3.13997 0.920072
1665 3.13997 0.920072
1666 3.13997 0.920072
1667 3.1405 0.920226
1668 3.1405 0.920226
1669 3.1405 0.920226
1670 3.1405 0.920226
1671 3.1405 0.920226
1672 3.14143 0.920497
1673 3.14143 0.920497
1674 3.14143 0.920497
1675 3.14143 0.920497
1676 -3.14035 -0.901222
1677 -3.14035 -0.901222
1678 -3.14035 -0.901222
1679 -3.14035 -0.901222
1680 -3.13866 -0.900729
1681 -3.13866 -0.900729
1682 -3.13866 -0.900729
1683 -3.13866 -0.900729
1684 -3.13695 -0.900236
1685 -3.13695 -0.900236
1686 -3.13695 -0.900236
1687 -3.13695 -0.900236
1688 -3.13567 -0.899864
1689 -3.13567 -0.899864
1690 -3.13567 -0.903313
1691 -3.13567 -0.903313
1692 -3.13567 -0.903313
1693 -3.135 -0.903118
1694 -3.135 -0.903118
1695 -3.135 -0.903118
1696 -3.135 -0.903118
1697 -3.13491 -0.903091
1698 -3.13491 -0.903091
1699 -3.13491 -0.903091
1700 -3.13491 -0.903091
1701 -3.13535 -0.903219
1702 -3.13535 -0.903219
1703 -3.13535 -0.903219
1704 -3.13535 -0.903219
1705 -3.13637 -0.903514
1706 -3.13637 -0.903514
1707 -3.13637 -0.903514
1708 -3.13637 -0.903514
1709 -3.13637 -0.903514
1710 -3.13836 -0.904092
1711 -3.13836 -0.904092
1712 -3.13836 -0.904092
1713 -3.13836 -0.904092
1714 -3.13991 -0.904543
1715 -3.13991 -0.904543
1716 -3.13991 -0.904543
1717 -3.13991 -0.904543
1718 -3.13995 -0.904553
1719 -3.13995 -0.904553
1720 -3.13995 -0.904553
1721 -3.13995 -0.904553
1722 -3.13976 -0.904498
1723 -3.13976 -0.904498
1724 -3.13976 -0.904498
1725 -3.13976 -0.904498
1726 -3.13976 -0.904498
1727 -3.13967 -0.904472
1728 -3.13967 -0.904472
1729 -3.13967 -0.904472
1730 -3.13967 -0.904472
1731 -3.1396 -0.904453
1732 -3.1396 -0.904453
1733 -3.1396 -0.904453
1734 -3.1396 -0.904453
1735 -3.13953 -0.904433
1736 -3.13953 -0.904433
1737 -3.13953 -0.904433
1738 -3.13953 -0.904433
1739 -3.13953 -0.904433
1740 -3.13945 -0.90441
1741 -3.13945 -0.90441
1742 -3.13945 -0.90441
1743 -3.13945 -0.90441
1744 -3.13939 -0.904391
1745 -3.13939 -0.904391
1746 -3.13939 -0.907844
1747 -3.13939 -0.907844
1748 -3.13931 -0.907823
1749 -3.13931 -0.907823
1750 -3.13931 -0.907823
1751 -3.13931 -0.907823
1752 -3.13931 -0.907823
1753 -3.13925 -0.907804
1754 -3.13925 -0.907804
1755 -3.13925 -0.907804
1756 -3.13917 -0.90778
1757 -3.13917 -0.90778
1758 -3.13917 -0.90778
1759 -3.13917 -0.90778
1760 -3.13909 -0.907758
1761 -3.13909 -0.907758
1762 -3.13909 -0.907758
1763 -3.13909 -0.907758
1764 -3.13909 -0.907758
1765 -3.13902 -0.907737
1766 -3.13902 -0.907737
1767 -3.13902 -0.907737
1768 -3.13902 -0.907737
1769 -3.13896 -0.90772
1770 -3.13896 -0.90772
1771 -3.13896 -0.90772
1772 -3.13896 -0.90772
1773 -3.13888 -0.907697
1774 -3.13888 -0.907697
1775 -3.13888 -0.907697
1776 -3.13888 -0.907697
1777 -3.1388 -0.907672
1778 -3.1388 -0.907672
1779 -3.1388 -0.907672
1780 -3.1388 -0.907672
1781 -3.13871 -0.907647
1782 -3.13871 -0.907647
1783 -3.13871 -0.907647
1784 -3.13871 -0.907647
1785 -3.13863 -0.907623
1786 -3.13863 -0.907623
1787 -3.13863 -0.907623
1788 -3.13863 -0.907623
1789 -3.13855 -0.907602
1790 -3.13855 -0.907602
1791 -3.13855 -0.907602
1792 -3.13855 -0.907602
1793 -3.13848 -0.90758
1794 -3.13848 -0.90758
1795 -3.13848 -0.90758
1796 -3.13839 -0.907555
1797 -3.13839 -0.907555
1798 -3.13839 -0.907555
1799 -3.13839 -0.907555
1800 -3.1383 -0.910918
1801 -3.1383 -0.910981
1802 -3.1383 -0.910981
1803 -3.1383 -0.910981
1804 -3.13823 -0.91096
1805 -3.13823 -0.91096
1806 -3.13823 -0.91096
1807 -3.13823 -0.91096
1808 -3.13817 -0.910942
1809 -3.13817 -0.910942
1810 -3.13817 -0.910942
1811 -3.13817 -0.910942
1812 -3.1381 -0.910924
1813 -3.1381 -0.910924
1814 -3.1381 -0.910924
1815 -3.1381 -0.910924
1816 -3.13803 -0.910903
1817 -3.13803 -0.910903
1818 -3.13803 -0.910903
1819 -3.13803 -0.910903
1820 -3.13797 -0.910884
1821 -3.13797 -0.910884
1822 -3.13797 -0.910884
1823 -3.13789 -0.910862
1824 -3.13789 -0.910862
1825 -3.13789 -0.910862
1826 -3.13789 -0.910862
1827 -3.13789 -0.910862
1828 -3.13781 -0.910839
1829 -3.13781 -0.910839
1830 -3.13781 -0.910839
1831 -3.13781 -0.910839
1832 -3.13773 -0.910816
1833 -3.13773 -0.910816
1834 -3.13773 -0.910816
1835 -3.13773 -0.910816
1836 -3.13766 -0.910795
1837 -3.13766 -0.910795
1838 -3.13766 -0.910795
1839 -3.13766 -0.910795
1840 -3.13758 -0.910771
1841 -3.13758 -0.910771
1842 -3.13758 -0.910771
1843 -3.13758 -0.910771
1844 -3.1375 -0.910749
1845 -3.1375 -0.910749
1846 -3.1375 -0.910749
1847 -3.1375 -0.910749
1848 -3.13742 -0.910726
1849 -3.13742 -0.910726
1850 -3.13742 -0.910726
1851 -3.13735 -0.910706
1852 -3.13735 -0.914157
1853 -3.13735 -0.914157
1854 -3.13735 -0.914157
1855 -3.13727 -0.914133
1856 -3.13727 -0.914133
1857 -3.13727 -0.914133
1858 -3.13727 -0.914133
1859 -3.1372 -0.914112
1860 -3.1372 -0.914112
1861 -3.1372 -0.914112
1862 -3.1372 -0.914112
1863 -3.1372 -0.914112
1864 -3.13713 -0.914093
1865 -3.13713 -0.914093
1866 -3.13713 -0.914093
1867 -3.13713 -0.914093
1868 -3.13705 -0.914069
1869 -3.13705 -0.914069
1870 -3.13705 -0.914069
1871 -3.13705 -0.914069
1872 -3.13697 -0.914047
1873 -3.13697 -0.914047
1874 -3.13697 -0.914047
1875 -3.13697 -0.914047
1876 -3.1369 -0.914027
1877 -3.1369 -0.914027
1878 -3.1369 -0.914027
1879 -3.1369 -0.914027
1880 -3.13683 -0.914006
1881 -3.13683 -0.914006
1882 -3.13683 -0.914006
1883 -3.13683 -0.914006
1884 -3.13683 -0.914006
1885 -3.13676 -0.913985
1886 -3.13676 -0.913985
1887 -3.13676 -0.913985
1888 -3.13676 -0.913985
1889 -3.13668 -0.913961
1890 -3.13668 -0.913961
1891 -3.13668 -0.913961
1892 -3.13668 -0.913961
1893 -3.13659 -0.913937
1894 -3.13659 -0.913937
1895 -3.13659 -0.913937
1896 -3.13659 -0.913937
1897 -3.13652 -0.913915
1898 -3.13652 -0.913915
1899 -3.13652 -0.913915
1900 -3.13652 -0.913915
1901 -3.13643 -0.91389
1902 -3.13643 -0.91389
1903 -3.13643 -0.91389
1904 -3.13643 -0.91389
1905 -3.13636 -0.913868
1906 -3.13636 -0.913868
1907 -3.13636 -0.913868
1908 -3.13636 -0.913868
1909 -3.13628 -0.913845
1910 -3.13628 -0.917295
1911 -3.13628 -0.917295
1912 -3.13628 -0.917295
1913 -3.13628 -0.917295
1914 -3.1362 -0.917272
1915 -3.1362 -0.917272
1916 -3.1362 -0.917272
1917 -3.13611 -0.917248
1918 -3.13611 -0.917248
1919 -3.13611 -0.917248
1920 -3.13611 -0.917248
1921 -3.13603 -0.917224
1922 -3.13603 -0.917224
1923 -3.13603 -0.917224
