1 -1.22901e-07 3.52704e-08 0
2 -6.04142e-08 1.71285e-08 0
3 -5.13062e-08 2.15556e-08 0
4 -1.1423e-07 3.41404e-08 0
5 -4.88793e-08 1.50239e-08 0
6 -1.40767e-07 3.99365e-08 0
7 -1.561e-08 1.49051e-08 0
8 -3.09697e-08 1.79771e-08 0
9 0.11239 0 0.0348409
10 2.33273 0 0.625342
11 2.90837 0 0.629453
12 1.17507 0 0.121213
13 1.46577 0 0.352683
14 1.66566 0 0.429307
15 1.66566 0 0.409318
16 1.66162 0 0.40851
17 1.66162 0 0.40851
18 1.66162 0 0.40851
19 1.6632 0 0.408827
20 1.6632 0 0.408827
21 1.6632 0 0.408827
22 1.63176 0 0.402538
23 1.63176 0 0.402538
24 1.63176 0 0.402538
25 1.63176 0 0.402538
26 1.60686 0 0.397558
27 1.60686 0 0.397558
28 1.60686 0 0.397558
29 1.58343 0 0.392872
30 1.58343 0 0.392872
31 1.58343 0 0.392872
32 1.58343 0 0.392872
33 1.5719 0 0.390565
34 1.5719 0 0.390565
35 1.5719 0 0.390565
36 1.55412 0 0.387011
37 1.55412 0 0.387011
38 1.55412 0 0.402552
39 1.55412 0 0.402552
40 1.53066 0 0.397858
41 1.53066 0 0.397858
42 1.53066 0 0.397858
43 1.50872 0 0.393471
44 1.50872 0 0.393471
45 1.50872 0 0.393471
46 1.50872 0 0.393471
47 1.48152 0 0.388031
48 1.48152 0 0.388031
49 1.48152 0 0.388031
50 1.46404 0 0.384535
51 1.46404 0 0.384535
52 1.46404 0 0.384535
53 1.46404 0 0.384535
54 1.45203 0 0.382133
55 1.45203 0 0.382133
56 1.45203 0 0.382133
57 1.43468 0 0.378664
58 1.43468 0 0.378664
59 1.43468 0 0.378664
60 1.43468 0 0.378664
61 1.4102 0 0.373767
62 1.4102 0 0.373767
63 1.4102 0 0.373767
64 1.4102 0 0.373767
65 1.38015 0 0.367757
66 1.38015 0 0.367757
67 1.38015 0 0.367757
68 1.37838 0 0.367403
69 1.37838 0 0.367403
70 1.37838 0 0.367403
71 1.37838 0 0.367403
72 1.35557 0 0.362841
73 1.35557 0 0.362841
74 1.35557 0 0.362841
75 1.32732 0 0.357192
76 1.32732 0 0.357192
77 1.32732 0 0.357192
78 1.32732 0 0.357192
79 1.29886 0 0.351498
80 1.29886 0 0.351498
81 1.29886 0 0.351498
82 1.29886 0 0.351498
83 1.30693 0 0.353113
84 1.30693 0 0.353113
85 1.30693 0 0.353113
86 1.31335 0 0.354397
87 1.31335 0 0.354397
88 1.31335 0 0.354397
89 1.31335 0 0.354397
90 1.30558 0 0.352842
91 1.30558 0 0.352842
92 1.30558 0 0.352842
93 1.31708 0 0.355143
94 1.31708 0 0.355143
95 1.31708 0 0.355143
96 1.31708 0 0.355143
97 1.28822 0 0.359367
98 1.28822 0 0.362253
99 1.28822 0 0.362253
100 1.28822 0 0.362253
101 1.30345 0 0.365298
102 1.30345 0 0.365298
103 1.30345 0 0.365298
104 1.3144 0 0.367489
105 1.3144 0 0.367489
106 1.3144 0 0.367489
107 1.3144 0 0.367489
108 1.28955 0 0.36252
109 1.28955 0 0.36252
110 1.28955 0 0.36252
111 1.28955 0 0.36252
112 1.26316 0 0.357241
113 1.26316 0 0.357241
114 1.26316 0 0.357241
115 1.2538 0 0.35537
116 1.2538 0 0.35537
117 1.2538 0 0.35537
118 1.2538 0 0.35537
119 1.2395 0 0.352508
120 1.2395 0 0.352508
121 1.2395 0 0.352508
122 1.2395 0 0.352508
123 1.23419 0 0.351447
124 1.23419 0 0.351447
125 1.23419 0 0.351447
126 1.22696 0 0.350001
127 1.22696 0 0.350001
128 1.22696 0 0.350001
129 1.22696 0 0.350001
130 1.2249 0 0.349588
131 1.2249 0 0.349588
132 1.2249 0 0.349588
133 1.2249 0 0.349588
134 1.21843 0 0.348295
135 1.21843 0 0.348295
136 1.21843 0 0.348295
137 1.21843 0 0.348295
138 1.23069 0 0.350748
139 1.23069 0 0.350748
140 1.23069 0 0.350748
141 1.23069 0 0.350748
142 1.23041 0 0.350692
143 1.23041 0 0.350692
144 1.23041 0 0.350692
145 1.25413 0 0.355434
146 1.25413 0 0.355434
147 1.25413 0 0.355434
148 1.26333 0 0.357276
149 1.26333 0 0.357276
150 1.26333 0 0.357276
151 1.27494 0 0.359597
152 1.27494 0 0.359597
153 1.27494 0 0.359597
154 1.27494 0 0.359597
155 1.25972 0 0.356553
156 1.25972 0 0.356553
157 1.25972 0 0.369151
158 1.25972 0 0.369151
159 1.23754 0 0.364715
160 1.23754 0 0.364715
161 1.23754 0 0.364715
162 1.23754 0 0.364715
163 1.22705 0 0.362615
164 1.22705 0 0.362615
165 1.22705 0 0.362615
166 1.21417 0 0.36004
167 1.21417 0 0.36004
168 1.21417 0 0.36004
169 1.21417 0 0.36004
170 1.22353 0 0.361912
171 1.22353 0 0.361912
172 1.22353 0 0.361912
173 1.22353 0 0.361912
174 1.24303 0 0.365812
175 1.24303 0 0.365812
176 1.24303 0 0.365812
177 1.22454 0 0.362113
178 1.22454 0 0.362113
179 1.22454 0 0.362113
180 1.22454 0 0.362113
181 1.22808 0 0.362823
182 1.22808 0 0.362823
183 1.22808 0 0.362823
184 1.22808 0 0.362823
185 1.22263 0 0.361733
186 1.22263 0 0.361733
187 1.22263 0 0.361733
188 1.22263 0 0.361733
189 1.22235 0 0.361677
190 1.22235 0 0.361677
191 1.22235 0 0.361677
192 1.22235 0 0.361677
193 1.21318 0 0.359842
194 1.21318 0 0.359842
195 1.21318 0 0.359842
196 1.20636 0 0.358478
197 1.20636 0 0.358478
198 1.20636 0 0.358478
199 1.20636 0 0.358478
200 1.20698 0 0.358602
201 1.20698 0 0.358602
202 1.20698 0 0.358602
203 1.20698 0 0.358602
204 1.19441 0 0.356087
205 1.19441 0 0.356087
206 1.19441 0 0.356087
207 1.19172 0 0.355551
208 1.19172 0 0.355551
209 1.19172 0 0.355551
210 1.19172 0 0.355551
211 1.18355 0 0.353916
212 1.18355 0 0.353916
213 1.18355 0 0.353916
214 1.18355 0 0.353916
215 1.18719 0 0.354644
216 1.18719 0 0.366516
217 1.18719 0 0.366516
218 1.18719 0 0.366516
219 1.18047 0 0.365173
220 1.18047 0 0.365173
221 1.18047 0 0.365173
222 1.18047 0 0.365173
223 1.18091 0 0.365261
224 1.18091 0 0.365261
225 1.18091 0 0.365261
226 1.17376 0 0.363831
227 1.17376 0 0.363831
228 1.17376 0 0.363831
229 1.17376 0 0.363831
230 1.18087 0 0.365252
231 1.18087 0 0.365252
232 1.18087 0 0.365252
233 1.18087 0 0.365252
234 1.16958 0 0.362995
235 1.16958 0 0.362995
236 1.16958 0 0.362995
237 1.17398 0 0.363874
238 1.17398 0 0.363874
239 1.17398 0 0.363874
240 1.17398 0 0.363874
241 1.18579 0 0.366236
242 1.18579 0 0.366236
243 1.18579 0 0.366236
244 1.18579 0 0.366236
245 1.16641 0 0.36236
246 1.16641 0 0.36236
247 1.16641 0 0.36236
248 1.16641 0 0.36236
249 1.16818 0 0.362715
250 1.16818 0 0.362715
251 1.16818 0 0.362715
252 1.16818 0 0.362715
253 1.15858 0 0.360794
254 1.15858 0 0.360794
255 1.15858 0 0.360794
256 1.15858 0 0.360794
257 1.16245 0 0.361568
258 1.16245 0 0.361568
259 1.16245 0 0.361568
260 1.16245 0 0.361568
261 1.16383 0 0.361844
262 1.16383 0 0.361844
263 1.16383 0 0.361844
264 1.16383 0 0.361844
265 1.16425 0 0.361928
266 1.16425 0 0.361928
267 1.16425 0 0.361928
268 1.16425 0 0.361928
269 1.16255 0 0.361588
270 1.16255 0 0.361588
271 1.16255 0 0.361588
272 1.16255 0 0.361588
273 1.16225 0 0.361528
274 1.16225 0 0.361528
275 1.16225 0 0.361528
276 1.16225 0 0.37315
277 1.16131 0 0.372963
278 1.16131 0 0.372963
279 1.16131 0 0.372963
280 1.16131 0 0.372963
281 1.16872 0 0.374446
282 1.16872 0 0.374446
283 1.16872 0 0.374446
284 1.16872 0 0.374446
285 1.16998 0 0.374698
286 1.16998 0 0.374698
287 1.16998 0 0.374698
288 1.16998 0 0.374698
289 1.16774 0 0.37425
290 1.16774 0 0.37425
291 1.16774 0 0.37425
292 1.16774 0 0.37425
293 1.14678 0 0.370056
294 1.14678 0 0.370056
295 1.14678 0 0.370056
296 1.14678 0 0.370056
297 1.14895 0 0.370491
298 1.14895 0 0.370491
299 1.14895 0 0.370491
300 1.14895 0 0.370491
301 1.13965 0 0.368631
302 1.13965 0 0.368631
303 1.13965 0 0.368631
304 1.13965 0 0.368631
305 1.14323 0 0.369346
306 1.14323 0 0.369346
307 1.14323 0 0.369346
308 1.14323 0 0.369346
309 1.13291 0 0.367284
310 1.13291 0 0.367284
311 1.13291 0 0.367284
312 1.10975 0 0.362651
313 1.10975 0 0.362651
314 1.10975 0 0.362651
315 1.10975 0 0.362651
316 1.12746 0 0.366193
317 1.12746 0 0.366193
318 1.12746 0 0.366193
319 1.12746 0 0.366193
320 1.10683 0 0.362066
321 1.10683 0 0.362066
322 1.10683 0 0.362066
323 1.10683 0 0.362066
324 1.09913 0 0.360526
325 1.09913 0 0.360526
326 1.09913 0 0.360526
327 1.09913 0 0.360526
328 1.11066 0 0.362834
329 1.11066 0 0.362834
330 1.11066 0 0.362834
331 1.09785 0 0.369968
332 1.09785 0 0.371249
333 1.09785 0 0.371249
334 1.09785 0 0.371249
335 1.09355 0 0.370388
336 1.09355 0 0.370388
337 1.09355 0 0.370388
338 1.09355 0 0.370388
339 1.10503 0 0.372686
340 1.10503 0 0.372686
341 1.10503 0 0.372686
342 1.10503 0 0.372686
343 1.10985 0 0.373649
344 1.10985 0 0.373649
345 1.10985 0 0.373649
346 1.10985 0 0.373649
347 1.11629 0 0.374938
348 1.11629 0 0.374938
349 1.11629 0 0.374938
350 1.11629 0 0.374938
351 1.10399 0 0.372478
352 1.10399 0 0.372478
353 1.10399 0 0.372478
354 1.10399 0 0.372478
355 1.10911 0 0.373501
356 1.10911 0 0.373501
357 1.10911 0 0.373501
358 1.10911 0 0.373501
359 1.11748 0 0.375175
360 1.11748 0 0.375175
361 1.11748 0 0.375175
362 1.11748 0 0.375175
363 1.10258 0 0.372195
364 1.10258 0 0.372195
365 1.10258 0 0.372195
366 1.10258 0 0.372195
367 1.09181 0 0.370042
368 1.09181 0 0.370042
369 1.09181 0 0.370042
370 1.09181 0 0.370042
371 1.07067 0 0.365814
372 1.07067 0 0.365814
373 1.07067 0 0.365814
374 1.07067 0 0.365814
375 1.07296 0 0.366272
376 1.07296 0 0.366272
377 1.07296 0 0.366272
378 1.07296 0 0.366272
379 1.08177 0 0.368033
380 1.08177 0 0.368033
381 1.08177 0 0.368033
382 1.08177 0 0.368033
383 1.095 0 0.370679
384 1.095 0 0.370679
385 1.095 0 0.370679
386 1.095 0 0.381629
387 1.08589 0 0.379807
388 1.08589 0 0.379807
389 1.08589 0 0.379807
390 1.08589 0 0.379807
391 1.09206 0 0.381042
392 1.09206 0 0.381042
393 1.09206 0 0.381042
394 1.09206 0 0.381042
395 1.08275 0 0.37918
396 1.08275 0 0.37918
397 1.08275 0 0.37918
398 1.08275 0 0.37918
399 1.08488 0 0.379606
400 1.08488 0 0.379606
401 1.08488 0 0.379606
402 1.08488 0 0.379606
403 1.06042 0 0.374713
404 1.06042 0 0.374713
405 1.06042 0 0.374713
406 1.06042 0 0.374713
407 1.06726 0 0.37608
408 1.06726 0 0.37608
409 1.06726 0 0.37608
410 1.06726 0 0.37608
411 1.06802 0 0.376233
412 1.06802 0 0.376233
413 1.06802 0 0.376233
414 1.06802 0 0.376233
415 1.06802 0 0.376233
416 1.0741 0 0.377449
417 1.0741 0 0.377449
418 1.0741 0 0.377449
419 1.0741 0 0.377449
420 1.07048 0 0.376725
421 1.07048 0 0.376725
422 1.07048 0 0.376725
423 1.07048 0 0.376725
424 1.0753 0 0.377689
425 1.0753 0 0.377689
426 1.0753 0 0.377689
427 1.0753 0 0.377689
428 1.04825 0 0.372279
429 1.04825 0 0.372279
430 1.04825 0 0.372279
431 1.04825 0 0.372279
432 1.0314 0 0.368909
433 1.0314 0 0.368909
434 1.0314 0 0.368909
435 1.0314 0 0.368909
436 1.02552 0 0.367733
437 1.02552 0 0.367733
438 1.02552 0 0.367733
439 1.02552 0 0.367733
440 1.02671 0 0.367971
441 1.02671 0 0.367971
442 1.02671 0 0.378238
443 1.02671 0 0.378238
444 1.00996 0 0.374889
445 1.00996 0 0.374889
446 1.00996 0 0.374889
447 1.00996 0 0.374889
448 1.01284 0 0.375465
449 1.01284 0 0.375465
450 1.01284 0 0.375465
451 1.01284 0 0.375465
452 1.03337 0 0.37957
453 1.03337 0 0.37957
454 1.03337 0 0.37957
455 1.03337 0 0.37957
456 1.03337 0 0.37957
457 1.03869 0 0.380634
458 1.03869 0 0.380634
459 1.03869 0 0.380634
460 1.03869 0 0.380634
461 1.01983 0 0.376862
462 1.01983 0 0.376862
463 1.01983 0 0.376862
464 1.01983 0 0.376862
465 1.01983 0 0.376862
466 1.00467 0 0.37383
467 1.00467 0 0.37383
468 1.00467 0 0.37383
469 1.00467 0 0.37383
470 1.00022 0 0.372941
471 1.00022 0 0.372941
472 1.00022 0 0.372941
473 1.00022 0 0.372941
474 0.997254 0 0.372347
475 0.997254 0 0.372347
476 0.997254 0 0.372347
477 0.997254 0 0.372347
478 1.00147 0 0.373191
479 1.00147 0 0.373191
480 1.00147 0 0.373191
481 1.00147 0 0.373191
482 1.01908 0 0.376712
483 1.01908 0 0.376712
484 1.01908 0 0.376712
485 1.01908 0 0.376712
486 1.02962 0 0.378821
487 1.02962 0 0.378821
488 1.02962 0 0.378821
489 1.02962 0 0.378821
490 1.02962 0 0.378821
491 1.06356 0 0.385608
492 1.06356 0 0.385608
493 1.06356 0 0.385608
494 1.06356 0 0.385608
495 1.06356 0 0.385608
496 1.04477 0 0.381851
497 1.04477 0 0.381851
498 1.04477 0 0.381851
499 1.04477 0 0.381851
500 1.04477 0 0.392299
501 1.05794 0 0.394931
502 1.05794 0 0.394931
503 1.05794 0 0.394931
504 1.05794 0 0.394931
505 1.08027 0 0.399397
506 1.08027 0 0.399397
507 1.08027 0 0.399397
508 1.08027 0 0.399397
509 1.08027 0 0.399397
510 1.04517 0 0.392377
511 1.04517 0 0.392377
512 1.04517 0 0.392377
513 1.04517 0 0.392377
514 1.04517 0 0.392377
515 1.02943 0 0.38923
516 1.02943 0 0.38923
517 1.02943 0 0.38923
518 1.02943 0 0.38923
519 1.03995 0 0.391334
520 1.03995 0 0.391334
521 1.03995 0 0.391334
522 1.03995 0 0.391334
523 0.9867 0 0.380684
524 0.9867 0 0.380684
525 0.9867 0 0.380684
526 0.9867 0 0.380684
527 0.978574 0 0.379059
528 0.978574 0 0.379059
529 0.978574 0 0.379059
530 0.978574 0 0.379059
531 0.978574 0 0.379059
532 0.99239 0 0.381822
533 0.99239 0 0.381822
534 0.99239 0 0.381822
535 0.99239 0 0.381822
536 0.981959 0 0.379736
537 0.981959 0 0.379736
538 0.981959 0 0.379736
539 0.981959 0 0.379736
540 0.997115 0 0.382767
541 0.997115 0 0.382767
542 0.997115 0 0.382767
543 0.997115 0 0.382767
544 0.997115 0 0.382767
545 1.03898 0 0.391141
546 1.03898 0 0.391141
547 1.03898 0 0.391141
548 1.03898 0 0.391141
549 1.01444 0 0.386232
550 1.01444 0 0.386232
551 1.01444 0 0.386232
552 1.01444 0 0.386232
553 1.01444 0 0.386232
554 1.03419 0 0.390182
555 1.03419 0 0.390182
556 1.03419 0 0.390182
557 1.03419 0 0.390182
558 1.06808 0 0.411031
559 1.06808 0 0.407641
560 1.06808 0 0.407641
561 1.06808 0 0.407641
562 1.02963 0 0.39995
563 1.02963 0 0.39995
564 1.02963 0 0.39995
565 1.02963 0 0.39995
566 1.00795 0 0.395616
567 1.00795 0 0.395616
568 1.00795 0 0.395616
569 1.00795 0 0.395616
570 1.03097 0 0.400218
571 1.03097 0 0.400218
572 1.03097 0 0.400218
573 1.03097 0 0.400218
574 1.00922 0 0.39587
575 1.00922 0 0.39587
576 1.00922 0 0.39587
577 1.00922 0 0.39587
578 1.00922 0 0.39587
579 0.992627 0 0.39255
580 0.992627 0 0.39255
581 0.992627 0 0.39255
582 0.992627 0 0.39255
583 1.04182 0 0.402388
584 1.04182 0 0.402388
585 1.04182 0 0.402388
586 1.04182 0 0.402388
587 0.993948 0 0.392815
588 0.993948 0 0.392815
589 0.993948 0 0.392815
590 0.993948 0 0.392815
591 1.01342 0 0.396708
592 1.01342 0 0.396708
593 1.01342 0 0.396708
594 1.01342 0 0.396708
595 1.01342 0 0.396708
596 1.00522 0 0.395068
597 1.00522 0 0.395068
598 1.00522 0 0.395068
599 1.00522 0 0.395068
600 1.03214 0 0.400453
601 1.03214 0 0.400453
602 1.03214 0 0.400453
603 1.03214 0 0.400453
604 1.07179 0 0.408382
605 1.07179 0 0.408382
606 1.07179 0 0.408382
607 1.07179 0 0.408382
608 1.12959 0 0.419943
609 1.12959 0 0.419943
610 1.12959 0 0.419943
611 1.12959 0 0.419943
612 1.16068 0 0.426161
613 1.16068 0 0.437768
614 1.16068 0 0.437768
615 1.16068 0 0.437768
616 1.06514 0 0.418661
617 1.06514 0 0.418661
618 1.06514 0 0.418661
619 1.06514 0 0.418661
620 1.01278 0 0.408187
621 1.01278 0 0.408187
622 1.01278 0 0.408187
623 1.01278 0 0.408187
624 1.01278 0 0.408187
625 1.01974 0 0.409579
626 1.01974 0 0.409579
627 1.01974 0 0.409579
628 1.01974 0 0.409579
629 1.0349 0 0.412611
630 1.0349 0 0.412611
631 1.0349 0 0.412611
632 1.0349 0 0.412611
633 1.04811 0 0.415255
634 1.04811 0 0.415255
635 1.04811 0 0.415255
636 1.04811 0 0.415255
637 1.08148 0 0.421927
638 1.08148 0 0.421927
639 1.08148 0 0.421927
640 1.08148 0 0.421927
641 1.08148 0 0.421927
642 1.11594 0 0.42882
643 1.11594 0 0.42882
644 1.11594 0 0.42882
645 1.11594 0 0.42882
646 1.0887 0 0.423372
647 1.0887 0 0.423372
648 1.0887 0 0.423372
649 1.0887 0 0.423372
650 1.0887 0 0.423372
651 1.05711 0 0.417053
652 1.05711 0 0.417053
653 1.05711 0 0.417053
654 1.05711 0 0.417053
655 1.03414 0 0.41246
656 1.03414 0 0.41246
657 1.03414 0 0.41246
658 1.03414 0 0.41246
659 1.03414 0 0.41246
660 1.0018 0 0.405992
661 1.0018 0 0.405992
662 1.0018 0 0.405992
663 1.0018 0 0.405992
664 0.978524 0 0.401336
665 0.978524 0 0.401336
666 0.978524 0 0.401336
667 0.978524 0 0.401336
668 0.955116 0 0.396655
669 0.955116 0 0.396655
670 0.955116 0 0.396655
671 0.955116 0 0.396655
672 0.934099 0 0.399691
673 0.934099 0 0.401793
674 0.934099 0 0.401793
675 0.934099 0 0.401793
676 0.934099 0 0.401793
677 0.852168 0 0.385406
678 0.852168 0 0.385406
679 0.852168 0 0.385406
680 0.852168 0 0.385406
681 0.813397 0 0.377652
682 0.813397 0 0.377652
683 0.813397 0 0.377652
684 0.813397 0 0.377652
685 0.847973 0 0.384567
686 0.847973 0 0.384567
687 0.847973 0 0.384567
688 0.847973 0 0.384567
689 0.901218 0 0.395216
690 0.901218 0 0.395216
691 0.901218 0 0.395216
692 0.901218 0 0.395216
693 0.901218 0 0.395216
694 0.959545 0 0.406882
695 0.959545 0 0.406882
696 0.959545 0 0.406882
697 0.959545 0 0.406882
698 1.01334 0 0.417641
699 1.01334 0 0.417641
700 1.01334 0 0.417641
701 1.01334 0 0.417641
702 1.01334 0 0.417641
703 1.0651 0 0.427993
704 1.0651 0 0.427993
705 1.0651 0 0.427993
706 1.0651 0 0.427993
707 1.0651 0 0.427993
708 1.05053 0 0.425078
709 1.05053 0 0.425078
710 1.05053 0 0.425078
711 1.05053 0 0.425078
712 1.02953 0 0.420879
713 1.02953 0 0.420879
714 1.02953 0 0.420879
715 1.02953 0 0.420879
716 1.02953 0 0.420879
717 0.992801 0 0.413533
718 0.992801 0 0.413533
719 0.992801 0 0.413533
720 0.992801 0 0.413533
721 0.96653 0 0.408279
722 0.96653 0 0.408279
723 0.96653 0 0.408279
724 0.96653 0 0.408279
725 0.96653 0 0.408279
726 0.943535 0 0.40368
727 0.943535 0 0.40368
728 0.943535 0 0.40368
729 0.943535 0 0.40368
730 0.911142 0 0.403073
731 0.911142 0 0.406313
732 0.911142 0 0.406313
733 0.911142 0 0.406313
734 0.905935 0 0.405271
735 0.905935 0 0.405271
736 0.905935 0 0.405271
737 0.905935 0 0.405271
738 0.790796 0 0.382243
739 0.790796 0 0.382243
740 0.790796 0 0.382243
741 0.790796 0 0.382243
742 0.74589 0 0.373262
743 0.74589 0 0.373262
744 0.74589 0 0.373262
745 0.74589 0 0.373262
746 0.74589 0 0.373262
747 0.806851 0 0.385454
748 0.806851 0 0.385454
749 0.806851 0 0.385454
750 0.806851 0 0.385454
751 0.846038 0 0.393292
752 0.846038 0 0.393292
753 0.846038 0 0.393292
754 0.846038 0 0.393292
755 0.880463 0 0.400177
756 0.880463 0 0.400177
757 0.880463 0 0.400177
758 0.880463 0 0.400177
759 0.931352 0 0.410355
760 0.931352 0 0.410355
761 0.931352 0 0.410355
762 0.931352 0 0.410355
763 1.01071 0 0.426225
764 1.01071 0 0.426225
765 1.01071 0 0.426225
766 1.01071 0 0.426225
767 1.01071 0 0.426225
768 1.00728 0 0.425541
769 1.00728 0 0.425541
770 1.00728 0 0.425541
771 1.00728 0 0.425541
772 0.975803 0 0.419245
773 0.975803 0 0.419245
774 0.975803 0 0.419245
775 0.975803 0 0.419245
776 0.975803 0 0.419245
777 0.946263 0 0.413337
778 0.946263 0 0.413337
779 0.946263 0 0.413337
780 0.946263 0 0.413337
781 0.927145 0 0.409513
782 0.927145 0 0.409513
783 0.927145 0 0.409513
784 0.927145 0 0.409513
785 0.894135 0 0.402911
786 0.894135 0 0.402911
787 0.894135 0 0.411853
788 0.894135 0 0.411853
789 0.868417 0 0.406709
790 0.868417 0 0.406709
791 0.868417 0 0.406709
792 0.868417 0 0.406709
793 0.868417 0 0.406709
794 0.860045 0 0.405034
795 0.860045 0 0.405034
796 0.860045 0 0.405034
797 0.860045 0 0.405034
798 0.860045 0 0.405034
799 0.770998 0 0.387225
800 0.770998 0 0.387225
801 0.770998 0 0.387225
802 0.770998 0 0.387225
803 0.735114 0 0.380048
804 0.735114 0 0.380048
805 0.735114 0 0.380048
806 0.735114 0 0.380048
807 0.760957 0 0.385217
808 0.760957 0 0.385217
809 0.760957 0 0.385217
810 0.760957 0 0.385217
811 0.760957 0 0.385217
812 0.811675 0 0.39536
813 0.811675 0 0.39536
814 0.811675 0 0.39536
815 0.811675 0 0.39536
816 0.842498 0 0.401525
817 0.842498 0 0.401525
818 0.842498 0 0.401525
819 0.842498 0 0.401525
820 0.893258 0 0.411677
821 0.893258 0 0.411677
822 0.893258 0 0.411677
823 0.893258 0 0.411677
824 0.893258 0 0.411677
825 0.959101 0 0.424846
826 0.959101 0 0.424846
827 0.959101 0 0.424846
828 0.959101 0 0.424846
829 0.953671 0 0.42376
830 0.953671 0 0.42376
831 0.953671 0 0.42376
832 0.953671 0 0.42376
833 0.953671 0 0.42376
834 0.921506 0 0.417327
835 0.921506 0 0.417327
836 0.921506 0 0.417327
837 0.921506 0 0.417327
838 0.911967 0 0.415419
839 0.911967 0 0.415419
840 0.911967 0 0.415419
841 0.911967 0 0.415419
842 0.88525 0 0.410075
843 0.88525 0 0.410075
844 0.88525 0 0.410075
845 0.88525 0 0.418928
846 0.88525 0 0.418928
847 0.859173 0 0.413713
848 0.859173 0 0.413713
849 0.859173 0 0.413713
850 0.859173 0 0.413713
851 0.834262 0 0.40873
852 0.834262 0 0.40873
853 0.834262 0 0.40873
854 0.834262 0 0.40873
855 0.834262 0 0.40873
856 0.734145 0 0.388707
857 0.734145 0 0.388707
858 0.734145 0 0.388707
859 0.734145 0 0.388707
860 0.687517 0 0.379381
861 0.687517 0 0.379381
862 0.687517 0 0.379381
863 0.687517 0 0.379381
864 0.735306 0 0.388939
865 0.735306 0 0.388939
866 0.735306 0 0.388939
867 0.735306 0 0.388939
868 0.735306 0 0.388939
869 0.763739 0 0.394626
870 0.763739 0 0.394626
871 0.763739 0 0.394626
872 0.763739 0 0.394626
873 0.808831 0 0.403644
874 0.808831 0 0.403644
875 0.808831 0 0.403644
876 0.808831 0 0.403644
877 0.808831 0 0.403644
878 0.862188 0 0.414316
879 0.862188 0 0.414316
880 0.862188 0 0.414316
881 0.862188 0 0.414316
882 0.920105 0 0.425899
883 0.920105 0 0.425899
884 0.920105 0 0.425899
885 0.920105 0 0.425899
886 0.920105 0 0.425899
887 0.922413 0 0.426361
888 0.922413 0 0.426361
889 0.922413 0 0.426361
890 0.922413 0 0.426361
891 0.922413 0 0.426361
892 0.893889 0 0.420656
893 0.893889 0 0.420656
894 0.893889 0 0.420656
895 0.893889 0 0.420656
896 0.893889 0 0.420656
897 0.852839 0 0.412446
898 0.852839 0 0.412446
899 0.852839 0 0.412446
900 0.852839 0 0.412446
901 0.841288 0 0.410136
902 0.841288 0 0.410136
903 0.841288 0 0.410136
904 0.841288 0 0.418549
905 0.841288 0 0.418549
906 0.81051 0 0.412393
907 0.81051 0 0.412393
908 0.81051 0 0.412393
909 0.81051 0 0.412393
910 0.787578 0 0.407807
911 0.787578 0 0.407807
912 0.787578 0 0.407807
913 0.787578 0 0.407807
914 0.787578 0 0.407807
915 0.687149 0 0.387721
916 0.687149 0 0.387721
917 0.687149 0 0.387721
918 0.687149 0 0.387721
919 0.647701 0 0.379831
920 0.647701 0 0.379831
921 0.647701 0 0.379831
922 0.647701 0 0.379831
923 0.647701 0 0.379831
924 0.672971 0 0.384885
925 0.672971 0 0.384885
926 0.672971 0 0.384885
927 0.672971 0 0.384885
928 0.672971 0 0.384885
929 0.720503 0 0.394391
930 0.720503 0 0.394391
931 0.720503 0 0.394391
932 0.720503 0 0.394391
933 0.720503 0 0.394391
934 0.762501 0 0.402791
935 0.762501 0 0.402791
936 0.762501 0 0.402791
937 0.762501 0 0.402791
938 0.762501 0 0.402791
939 0.853902 0 0.421071
940 0.853902 0 0.421071
941 0.853902 0 0.421071
942 0.853902 0 0.421071
943 0.903139 0 0.430919
944 0.903139 0 0.430919
945 0.903139 0 0.430919
946 0.903139 0 0.430919
947 0.903139 0 0.430919
948 0.883741 0 0.427039
949 0.883741 0 0.427039
950 0.883741 0 0.427039
951 0.883741 0 0.427039
952 0.883741 0 0.427039
953 0.847573 0 0.419806
954 0.847573 0 0.419806
955 0.847573 0 0.419806
956 0.847573 0 0.419806
957 0.847573 0 0.419806
958 0.807415 0 0.411774
959 0.807415 0 0.411774
960 0.807415 0 0.411774
961 0.807415 0 0.411774
962 0.807415 0 0.411774
963 0.789392 0 0.408169
964 0.789392 0 0.416063
965 0.789392 0 0.416063
966 0.789392 0 0.416063
967 0.747109 0 0.407607
968 0.747109 0 0.407607
969 0.747109 0 0.407607
970 0.747109 0 0.407607
971 0.747109 0 0.407607
972 0.732683 0 0.404721
973 0.732683 0 0.404721
974 0.732683 0 0.404721
975 0.732683 0 0.404721
976 0.621208 0 0.382426
977 0.621208 0 0.382426
978 0.621208 0 0.382426
979 0.621208 0 0.382426
980 0.621208 0 0.382426
981 0.595062 0 0.377197
982 0.595062 0 0.377197
983 0.595062 0 0.377197
984 0.595062 0 0.377197
985 0.595062 0 0.377197
986 0.628271 0 0.383839
987 0.628271 0 0.383839
988 0.628271 0 0.383839
989 0.628271 0 0.383839
990 0.637517 0 0.385688
991 0.637517 0 0.385688
992 0.637517 0 0.385688
993 0.637517 0 0.385688
994 0.637517 0 0.385688
995 0.62862 0 0.383909
996 0.62862 0 0.383909
997 0.62862 0 0.383909
998 0.62862 0 0.383909
999 0.62862 0 0.383909
1000 0.676733 0 0.393531
1001 0.676733 0 0.393531
1002 0.676733 0 0.393531
1003 0.676733 0 0.393531
1004 0.676733 0 0.393531
1005 0.736369 0 0.405459
1006 0.736369 0 0.405459
1007 0.736369 0 0.405459
1008 0.736369 0 0.405459
1009 0.801686 0 0.418522
1010 0.801686 0 0.418522
1011 0.801686 0 0.418522
1012 0.801686 0 0.418522
1013 0.801686 0 0.418522
1014 0.872586 0 0.432702
1015 0.872586 0 0.432702
1016 0.872586 0 0.432702
1017 0.872586 0 0.432702
1018 0.872586 0 0.432702
1019 0.856333 0 0.429451
1020 0.856333 0 0.429451
1021 0.856333 0 0.429451
1022 0.856333 0 0.429451
1023 0.856333 0 0.438015
1024 0.829362 0 0.432621
1025 0.829362 0 0.432621
1026 0.829362 0 0.432621
1027 0.829362 0 0.432621
1028 0.792012 0 0.42515
1029 0.792012 0 0.42515
1030 0.792012 0 0.42515
1031 0.792012 0 0.42515
1032 0.792012 0 0.42515
1033 0.753528 0 0.417454
1034 0.753528 0 0.417454
1035 0.753528 0 0.417454
1036 0.753528 0 0.417454
1037 0.753528 0 0.417454
1038 0.646075 0 0.395963
1039 0.646075 0 0.395963
1040 0.646075 0 0.395963
1041 0.646075 0 0.395963
1042 0.646075 0 0.395963
1043 0.573986 0 0.381545
1044 0.573986 0 0.381545
1045 0.573986 0 0.381545
1046 0.573986 0 0.381545
1047 0.573986 0 0.381545
1048 0.585096 0 0.383767
1049 0.585096 0 0.383767
1050 0.585096 0 0.383767
1051 0.585096 0 0.383767
1052 0.585096 0 0.383767
1053 0.609983 0 0.388745
1054 0.609983 0 0.388745
1055 0.609983 0 0.388745
1056 0.609983 0 0.388745
1057 0.699928 0 0.406734
1058 0.699928 0 0.406734
1059 0.699928 0 0.406734
1060 0.699928 0 0.406734
1061 0.699928 0 0.406734
1062 0.782543 0 0.423257
1063 0.782543 0 0.423257
1064 0.782543 0 0.423257
1065 0.782543 0 0.423257
1066 0.782543 0 0.423257
1067 0.812897 0 0.429328
1068 0.812897 0 0.429328
1069 0.812897 0 0.429328
1070 0.812897 0 0.429328
1071 0.804209 0 0.42759
1072 0.804209 0 0.42759
1073 0.804209 0 0.42759
1074 0.804209 0 0.42759
1075 0.804209 0 0.42759
1076 0.763106 0 0.419369
1077 0.763106 0 0.419369
1078 0.763106 0 0.419369
1079 0.763106 0 0.419369
1080 0.745533 0 0.421553
1081 0.745533 0 0.42331
1082 0.745533 0 0.42331
1083 0.745533 0 0.42331
1084 0.721754 0 0.418554
1085 0.721754 0 0.418554
1086 0.721754 0 0.418554
1087 0.721754 0 0.418554
1088 0.696055 0 0.413414
1089 0.696055 0 0.413414
1090 0.696055 0 0.413414
1091 0.696055 0 0.413414
1092 0.587965 0 0.391796
1093 0.587965 0 0.391796
1094 0.587965 0 0.391796
1095 0.587965 0 0.391796
1096 0.587965 0 0.391796
1097 0.545194 0 0.383242
1098 0.545194 0 0.383242
1099 0.545194 0 0.383242
1100 0.545194 0 0.383242
1101 0.567835 0 0.38777
1102 0.567835 0 0.38777
1103 0.567835 0 0.38777
1104 0.567835 0 0.38777
1105 0.600553 0 0.394314
1106 0.600553 0 0.394314
1107 0.600553 0 0.394314
1108 0.600553 0 0.394314
1109 0.600553 0 0.394314
1110 0.631799 0 0.400563
1111 0.631799 0 0.400563
1112 0.631799 0 0.400563
1113 0.631799 0 0.400563
1114 0.631799 0 0.400563
1115 0.705042 0 0.415212
1116 0.705042 0 0.415212
1117 0.705042 0 0.415212
1118 0.705042 0 0.415212
1119 0.765498 0 0.427303
1120 0.765498 0 0.427303
1121 0.765498 0 0.427303
1122 0.765498 0 0.427303
1123 0.763427 0 0.426889
1124 0.763427 0 0.426889
1125 0.763427 0 0.426889
1126 0.763427 0 0.426889
1127 0.763427 0 0.426889
1128 0.740012 0 0.422206
1129 0.740012 0 0.422206
1130 0.740012 0 0.422206
1131 0.740012 0 0.422206
1132 0.718725 0 0.417948
1133 0.718725 0 0.417948
1134 0.718725 0 0.417948
1135 0.718725 0 0.425136
1136 0.687663 0 0.418923
1137 0.687663 0 0.418923
1138 0.687663 0 0.418923
1139 0.687663 0 0.418923
1140 0.687663 0 0.418923
1141 0.655603 0 0.412511
1142 0.655603 0 0.412511
1143 0.655603 0 0.412511
1144 0.655603 0 0.412511
1145 0.632504 0 0.407891
1146 0.632504 0 0.407891
1147 0.632504 0 0.407891
1148 0.632504 0 0.407891
1149 0.632504 0 0.407891
1150 0.60364 0 0.402119
1151 0.60364 0 0.402119
1152 0.60364 0 0.402119
1153 0.60364 0 0.402119
1154 0.570263 0 0.395443
1155 0.570263 0 0.395443
1156 0.570263 0 0.395443
1157 0.570263 0 0.395443
1158 0.473152 0 0.376021
1159 0.473152 0 0.376021
1160 0.473152 0 0.376021
1161 0.473152 0 0.376021
1162 0.429996 0 0.36739
1163 0.429996 0 0.36739
1164 0.429996 0 0.36739
1165 0.429996 0 0.36739
1166 0.462978 0 0.373986
1167 0.462978 0 0.373986
1168 0.462978 0 0.373986
1169 0.462978 0 0.373986
1170 0.519533 0 0.385297
1171 0.519533 0 0.385297
1172 0.519533 0 0.385297
1173 0.519533 0 0.385297
1174 0.519533 0 0.385297
1175 0.611938 0 0.403778
1176 0.611938 0 0.403778
1177 0.611938 0 0.403778
1178 0.611938 0 0.403778
1179 0.666661 0 0.414723
1180 0.666661 0 0.414723
1181 0.666661 0 0.414723
1182 0.666661 0 0.414723
1183 0.666661 0 0.414723
1184 0.728699 0 0.42713
1185 0.728699 0 0.42713
1186 0.728699 0 0.42713
1187 0.728699 0 0.42713
1188 0.709821 0 0.423355
1189 0.709821 0 0.423355
1190 0.709821 0 0.423355
1191 0.709821 0 0.430453
1192 0.709821 0 0.430453
1193 0.693355 0 0.42716
1194 0.693355 0 0.42716
1195 0.693355 0 0.42716
1196 0.693355 0 0.42716
1197 0.693355 0 0.42716
1198 0.671559 0 0.422801
1199 0.671559 0 0.422801
1200 0.671559 0 0.422801
1201 0.671559 0 0.422801
1202 0.647041 0 0.417897
1203 0.647041 0 0.417897
1204 0.647041 0 0.417897
1205 0.647041 0 0.417897
1206 0.647041 0 0.417897
1207 0.621871 0 0.412863
1208 0.621871 0 0.412863
1209 0.621871 0 0.412863
1210 0.621871 0 0.412863
1211 0.594291 0 0.407347
1212 0.594291 0 0.407347
1213 0.594291 0 0.407347
1214 0.594291 0 0.407347
1215 0.594291 0 0.407347
1216 0.570768 0 0.402643
1217 0.570768 0 0.402643
1218 0.570768 0 0.402643
1219 0.570768 0 0.402643
1220 0.549495 0 0.398388
1221 0.549495 0 0.398388
1222 0.549495 0 0.398388
1223 0.549495 0 0.398388
1224 0.549495 0 0.398388
1225 0.440486 0 0.376586
1226 0.440486 0 0.376586
1227 0.440486 0 0.376586
1228 0.402758 0 0.369041
1229 0.402758 0 0.369041
1230 0.402758 0 0.369041
1231 0.402758 0 0.369041
1232 0.444835 0 0.377456
1233 0.444835 0 0.377456
1234 0.444835 0 0.377456
1235 0.444835 0 0.377456
1236 0.444835 0 0.377456
1237 0.478466 0 0.384182
1238 0.478466 0 0.384182
1239 0.478466 0 0.384182
1240 0.478466 0 0.384182
1241 0.536975 0 0.395884
1242 0.536975 0 0.395884
1243 0.536975 0 0.395884
1244 0.536975 0 0.395884
1245 0.605905 0 0.40967
1246 0.605905 0 0.40967
1247 0.605905 0 0.40967
1248 0.605905 0 0.415729
1249 0.605905 0 0.415729
1250 0.693427 0 0.433233
1251 0.693427 0 0.433233
1252 0.693427 0 0.433233
1253 0.693427 0 0.433233
1254 0.690086 0 0.432565
1255 0.690086 0 0.432565
1256 0.690086 0 0.432565
1257 0.690086 0 0.432565
1258 0.690086 0 0.432565
1259 0.665215 0 0.427591
1260 0.665215 0 0.427591
1261 0.665215 0 0.427591
1262 0.665215 0 0.427591
1263 0.638495 0 0.422247
1264 0.638495 0 0.422247
1265 0.638495 0 0.422247
1266 0.638495 0 0.422247
1267 0.609606 0 0.416469
1268 0.609606 0 0.416469
1269 0.609606 0 0.416469
1270 0.609606 0 0.416469
1271 0.580899 0 0.410728
1272 0.580899 0 0.410728
1273 0.580899 0 0.410728
1274 0.580899 0 0.410728
1275 0.554596 0 0.405467
1276 0.554596 0 0.405467
1277 0.554596 0 0.405467
1278 0.554596 0 0.405467
1279 0.529187 0 0.400385
1280 0.529187 0 0.400385
1281 0.529187 0 0.400385
1282 0.529187 0 0.400385
1283 0.499769 0 0.394502
1284 0.499769 0 0.394502
1285 0.499769 0 0.394502
1286 0.499769 0 0.394502
1287 0.499769 0 0.394502
1288 0.393496 0 0.373247
1289 0.393496 0 0.373247
1290 0.393496 0 0.373247
1291 0.393496 0 0.373247
1292 0.352569 0 0.365062
1293 0.352569 0 0.365062
1294 0.352569 0 0.365062
1295 0.352569 0 0.365062
1296 0.407394 0 0.376027
1297 0.407394 0 0.376027
1298 0.407394 0 0.376027
1299 0.407394 0 0.376027
1300 0.450142 0 0.384576
1301 0.450142 0 0.384576
1302 0.450142 0 0.389078
1303 0.450142 0 0.389078
1304 0.506358 0 0.400321
1305 0.506358 0 0.400321
1306 0.506358 0 0.400321
1307 0.506358 0 0.400321
1308 0.594269 0 0.417903
1309 0.594269 0 0.417903
1310 0.594269 0 0.417903
1311 0.594269 0 0.417903
1312 0.594269 0 0.417903
1313 0.662591 0 0.431568
1314 0.662591 0 0.431568
1315 0.662591 0 0.431568
1316 0.662591 0 0.431568
1317 0.660779 0 0.431205
1318 0.660779 0 0.431205
1319 0.660779 0 0.431205
1320 0.660779 0 0.431205
1321 0.642337 0 0.427517
1322 0.642337 0 0.427517
1323 0.642337 0 0.427517
1324 0.642337 0 0.427517
1325 0.609582 0 0.420966
1326 0.609582 0 0.420966
1327 0.609582 0 0.420966
1328 0.609582 0 0.420966
1329 0.609582 0 0.420966
1330 0.576588 0 0.414367
1331 0.576588 0 0.414367
1332 0.576588 0 0.414367
1333 0.576588 0 0.414367
1334 0.552795 0 0.409608
1335 0.552795 0 0.409608
1336 0.552795 0 0.409608
1337 0.552795 0 0.409608
1338 0.522207 0 0.403491
1339 0.522207 0 0.403491
1340 0.522207 0 0.403491
1341 0.522207 0 0.403491
1342 0.522207 0 0.403491
1343 0.504305 0 0.39991
1344 0.504305 0 0.39991
1345 0.504305 0 0.39991
1346 0.504305 0 0.39991
1347 0.486584 0 0.396366
1348 0.486584 0 0.396366
1349 0.486584 0 0.396366
1350 0.486584 0 0.396366
1351 0.376486 0 0.374347
1352 0.376486 0 0.374347
1353 0.376486 0 0.374347
1354 0.376486 0 0.374347
1355 0.376486 0 0.374347
1356 0.337547 0 0.366559
1357 0.337547 0 0.366559
1358 0.337547 0 0.366559
1359 0.337547 0 0.366559
1360 0.387812 0 0.385517
1361 0.387812 0 0.38049
1362 0.387812 0 0.38049
1363 0.387812 0 0.38049
1364 0.437044 0 0.390336
1365 0.437044 0 0.390336
1366 0.437044 0 0.390336
1367 0.437044 0 0.390336
1368 0.496572 0 0.402242
1369 0.496572 0 0.402242
1370 0.496572 0 0.402242
1371 0.496572 0 0.402242
1372 0.566217 0 0.416171
1373 0.566217 0 0.416171
1374 0.566217 0 0.416171
1375 0.566217 0 0.416171
1376 0.662778 0 0.435483
1377 0.662778 0 0.435483
1378 0.662778 0 0.435483
1379 0.662778 0 0.435483
1380 0.663176 0 0.435563
1381 0.663176 0 0.435563
1382 0.663176 0 0.435563
1383 0.663176 0 0.435563
1384 0.637904 0 0.430508
1385 0.637904 0 0.430508
1386 0.637904 0 0.430508
1387 0.637904 0 0.430508
1388 0.620533 0 0.427034
1389 0.620533 0 0.427034
1390 0.620533 0 0.427034
1391 0.620533 0 0.427034
1392 0.620533 0 0.427034
1393 0.595199 0 0.421967
1394 0.595199 0 0.421967
1395 0.595199 0 0.421967
1396 0.550523 0 0.413032
1397 0.550523 0 0.413032
1398 0.550523 0 0.413032
1399 0.550523 0 0.413032
1400 0.520106 0 0.406949
1401 0.520106 0 0.406949
1402 0.520106 0 0.406949
1403 0.499995 0 0.402927
1404 0.499995 0 0.402927
1405 0.499995 0 0.402927
1406 0.499995 0 0.402927
1407 0.476866 0 0.398301
1408 0.476866 0 0.398301
1409 0.476866 0 0.398301
1410 0.476866 0 0.398301
1411 0.368632 0 0.376654
1412 0.368632 0 0.376654
1413 0.368632 0 0.38034
1414 0.368632 0 0.38034
1415 0.331335 0 0.372881
1416 0.331335 0 0.372881
1417 0.331335 0 0.372881
1418 0.331335 0 0.372881
1419 0.369398 0 0.380493
1420 0.369398 0 0.380493
1421 0.369398 0 0.380493
1422 0.369398 0 0.380493
1423 0.421595 0 0.390933
1424 0.421595 0 0.390933
1425 0.421595 0 0.390933
1426 0.421595 0 0.390933
1427 0.421595 0 0.390933
1428 0.450876 0 0.396789
1429 0.450876 0 0.396789
1430 0.450876 0 0.396789
1431 0.450876 0 0.396789
1432 0.509964 0 0.408607
1433 0.509964 0 0.408607
1434 0.509964 0 0.408607
1435 0.509964 0 0.408607
1436 0.606267 0 0.427867
1437 0.606267 0 0.427867
1438 0.606267 0 0.427867
1439 0.606267 0 0.427867
1440 0.606267 0 0.427867
1441 0.628009 0 0.432216
1442 0.628009 0 0.432216
1443 0.628009 0 0.432216
1444 0.628009 0 0.432216
1445 0.595322 0 0.425678
1446 0.595322 0 0.425678
1447 0.595322 0 0.425678
1448 0.595322 0 0.425678
1449 0.572877 0 0.421189
1450 0.572877 0 0.421189
1451 0.572877 0 0.421189
1452 0.572877 0 0.421189
1453 0.572877 0 0.421189
1454 0.542424 0 0.415099
1455 0.542424 0 0.415099
1456 0.542424 0 0.415099
1457 0.513143 0 0.409243
1458 0.513143 0 0.409243
1459 0.513143 0 0.409243
1460 0.513143 0 0.409243
1461 0.513143 0 0.409243
1462 0.499799 0 0.406574
1463 0.499799 0 0.406574
1464 0.499799 0 0.406574
1465 0.499799 0 0.406574
1466 0.473184 0 0.401251
1467 0.473184 0 0.401251
1468 0.473184 0 0.401251
1469 0.473184 0 0.405982
1470 0.473184 0 0.405982
1471 0.527057 0 0.416757
1472 0.527057 0 0.416757
1473 0.527057 0 0.416757
1474 0.527057 0 0.416757
1475 2.80133 0 0.871612
1476 2.80133 0 0.871612
1477 2.80133 0 0.871612
1478 2.80133 0 0.871612
1479 2.80781 0 0.872907
1480 2.80781 0 0.872907
1481 2.80781 0 0.872907
1482 2.80781 0 0.872907
1483 2.80781 0 0.872907
1484 2.7313 0 0.857606
1485 2.7313 0 0.857606
1486 2.7313 0 0.857606
1487 2.7313 0 0.857606
1488 2.53363 0 0.818072
1489 2.53363 0 0.818072
1490 2.53363 0 0.818072
1491 2.53363 0 0.818072
1492 2.26037 0 0.76342
1493 2.26037 0 0.76342
1494 2.26037 0 0.76342
1495 2.26037 0 0.76342
1496 2.1118 0 0.733706
1497 2.1118 0 0.733706
1498 2.1118 0 0.733706
1499 2.1118 0 0.733706
1500 1.90116 0 0.691577
1501 1.90116 0 0.691577
1502 1.90116 0 0.691577
1503 1.90116 0 0.691577
1504 1.75143 0 0.661632
1505 1.75143 0 0.661632
1506 1.75143 0 0.661632
1507 1.75143 0 0.661632
1508 1.61055 0 0.633456
1509 1.61055 0 0.633456
1510 1.61055 0 0.633456
1511 1.61055 0 0.633456
1512 1.47216 0 0.605778
1513 1.47216 0 0.605778
1514 1.47216 0 0.605778
1515 1.47216 0 0.605778
1516 1.33611 0 0.578567
1517 1.33611 0 0.578567
1518 1.33611 0 0.578567
1519 1.33611 0 0.578567
1520 1.22884 0 0.557113
1521 1.22884 0 0.557113
1522 1.22884 0 0.557113
1523 1.22884 0 0.557113
1524 1.22884 0 0.557113
1525 1.12463 0 0.536272
1526 1.12463 0 0.547519
1527 1.12463 0 0.547519
1528 1.12463 0 0.547519
1529 1.02374 0 0.527339
1530 1.02374 0 0.527339
1531 1.02374 0 0.527339
1532 1.02374 0 0.527339
1533 0.935843 0 0.509761
1534 0.935843 0 0.509761
1535 0.935843 0 0.509761
1536 0.935843 0 0.509761
1537 0.742689 0 0.47113
1538 0.742689 0 0.47113
1539 0.742689 0 0.47113
1540 0.742689 0 0.47113
1541 0.627563 0 0.448105
1542 0.627563 0 0.448105
1543 0.627563 0 0.448105
1544 0.627563 0 0.448105
1545 0.627563 0 0.448105
1546 0.549338 0 0.43246
1547 0.549338 0 0.43246
1548 0.549338 0 0.43246
1549 0.549338 0 0.43246
1550 0.507149 0 0.424022
1551 0.507149 0 0.424022
1552 0.507149 0 0.424022
1553 0.507149 0 0.424022
1554 0.503145 0 0.423221
1555 0.503145 0 0.423221
1556 0.503145 0 0.423221
1557 0.503145 0 0.423221
1558 0.552027 0 0.432997
1559 0.552027 0 0.432997
1560 0.552027 0 0.432997
1561 0.552027 0 0.432997
1562 0.552027 0 0.432997
1563 0.604409 0 0.443474
1564 0.604409 0 0.443474
1565 0.604409 0 0.443474
1566 0.604409 0 0.443474
1567 0.613249 0 0.445242
1568 0.613249 0 0.445242
1569 0.613249 0 0.445242
1570 0.613249 0 0.445242
1571 0.613249 0 0.445242
1572 0.580699 0 0.438732
1573 0.580699 0 0.438732
1574 0.580699 0 0.438732
1575 0.580699 0 0.438732
1576 0.74374 0 0.47134
1577 0.74374 0 0.47134
1578 0.74374 0 0.47134
1579 0.74374 0 0.47134
1580 2.63976 0 0.850544
1581 2.63976 0 0.850544
1582 2.63976 0 0.850544
1583 2.63976 0 0.850544
1584 2.49747 0 0.832831
1585 2.49747 0 0.84706
1586 2.49747 0 0.84706
1587 2.49747 0 0.84706
1588 2.8239 0 0.912346
1589 2.8239 0 0.912346
1590 2.8239 0 0.912346
1591 2.8239 0 0.912346
1592 2.56541 0 0.860649
1593 2.56541 0 0.860649
1594 2.56541 0 0.860649
1595 2.56541 0 0.860649
1596 2.36333 0 0.820234
1597 2.36333 0 0.820234
1598 2.36333 0 0.820234
1599 2.36333 0 0.820234
1600 2.04077 0 0.755721
1601 2.04077 0 0.755721
1602 2.04077 0 0.755721
1603 2.04077 0 0.755721
1604 1.8436 0 0.716286
1605 1.8436 0 0.716286
1606 1.8436 0 0.716286
1607 1.8436 0 0.716286
1608 1.72819 0 0.693205
1609 1.72819 0 0.693205
1610 1.72819 0 0.693205
1611 1.72819 0 0.693205
1612 1.55945 0 0.659456
1613 1.55945 0 0.659456
1614 1.55945 0 0.659456
1615 1.55945 0 0.659456
1616 1.36232 0 0.620031
1617 1.36232 0 0.620031
1618 1.36232 0 0.620031
1619 1.36232 0 0.620031
1620 1.20302 0 0.588172
1621 1.20302 0 0.588172
1622 1.20302 0 0.588172
1623 1.20302 0 0.588172
1624 1.02334 0 0.552235
1625 1.02334 0 0.552235
1626 1.02334 0 0.552235
1627 1.02334 0 0.552235
1628 0.899219 0 0.52741
1629 0.899219 0 0.52741
1630 0.899219 0 0.52741
1631 0.899219 0 0.52741
1632 0.779638 0 0.503494
1633 0.779638 0 0.503494
1634 0.779638 0 0.503494
1635 0.779638 0 0.503494
1636 0.715318 0 0.491351
1637 0.715318 0 0.497783
1638 0.715318 0 0.497783
1639 0.715318 0 0.497783
1640 0.920684 0 0.538857
1641 0.920684 0 0.538857
1642 0.920684 0 0.538857
1643 0.920684 0 0.538857
1644 0.87064 0 0.528848
1645 0.87064 0 0.528848
1646 0.87064 0 0.528848
1647 0.87064 0 0.528848
1648 2.61701 0 0.878122
1649 2.61701 0 0.878122
1650 2.61701 0 0.878122
1651 2.66908 0 0.888536
1652 2.66908 0 0.888536
1653 2.66908 0 0.888536
1654 2.66908 0 0.888536
1655 2.35602 0 0.825924
1656 2.35602 0 0.825924
1657 2.35602 0 0.825924
1658 2.35602 0 0.825924
1659 2.04134 0 0.762989
1660 2.04134 0 0.762989
1661 2.04134 0 0.762989
1662 2.04134 0 0.762989
1663 1.83378 0 0.721477
1664 1.83378 0 0.721477
1665 1.83378 0 0.721477
1666 1.83378 0 0.721477
1667 1.67292 0 0.689303
1668 1.67292 0 0.689303
1669 1.67292 0 0.689303
1670 1.67292 0 0.689303
1671 1.67292 0 0.689303
1672 1.50039 0 0.654797
1673 1.50039 0 0.654797
1674 1.50039 0 0.654797
1675 1.50039 0 0.654797
1676 1.35771 0 0.626263
1677 1.35771 0 0.626263
1678 1.35771 0 0.626263
1679 1.35771 0 0.626263
1680 1.24142 0 0.603003
1681 1.24142 0 0.603003
1682 1.24142 0 0.603003
1683 1.24142 0 0.603003
1684 1.03499 0 0.561718
1685 1.03499 0 0.561718
1686 1.03499 0 0.561718
1687 1.03499 0 0.561718
1688 0.845632 0 0.523846
1689 0.845632 0 0.523846
1690 0.845632 0 0.532303
1691 0.845632 0 0.532303
1692 0.845632 0 0.532303
1693 0.733417 0 0.50986
1694 0.733417 0 0.50986
1695 0.733417 0 0.50986
1696 0.733417 0 0.50986
1697 0.651204 0 0.493417
1698 0.651204 0 0.493417
1699 0.651204 0 0.493417
1700 0.651204 0 0.493417
1701 0.594256 0 0.482027
1702 0.594256 0 0.482027
1703 0.594256 0 0.482027
1704 0.594256 0 0.482027
1705 0.570024 0 0.477181
1706 0.570024 0 0.477181
1707 0.570024 0 0.477181
1708 0.570024 0 0.477181
1709 0.570024 0 0.477181
1710 0.780458 0 0.519268
1711 0.780458 0 0.519268
1712 0.780458 0 0.519268
1713 0.780458 0 0.519268
1714 2.5542 0 0.874016
1715 2.5542 0 0.874016
1716 2.5542 0 0.874016
1717 2.5542 0 0.874016
1718 2.56952 0 0.87708
1719 2.56952 0 0.87708
1720 2.56952 0 0.87708
1721 2.56952 0 0.87708
1722 2.94057 0 0.95129
1723 2.94057 0 0.95129
1724 2.94057 0 0.95129
1725 2.94057 0 0.95129
1726 2.94057 0 0.95129
1727 2.92459 0 0.948093
1728 2.92459 0 0.948093
1729 2.92459 0 0.948093
1730 2.92459 0 0.948093
1731 2.94091 0 0.951359
1732 2.94091 0 0.951359
1733 2.94091 0 0.951359
1734 2.94091 0 0.951359
1735 2.94965 0 0.953106
1736 2.94965 0 0.953106
1737 2.94965 0 0.953106
1738 2.94965 0 0.953106
1739 2.94965 0 0.953106
1740 2.95936 0 0.955049
1741 2.95936 0 0.955049
1742 2.95936 0 0.955049
1743 2.95936 0 0.955049
1744 2.95712 0 0.954601
1745 2.95712 0 0.954601
1746 2.95712 0 0.984172
1747 2.95712 0 0.984172
1748 2.95084 0 0.982915
1749 2.95084 0 0.982915
1750 2.95084 0 0.982915
1751 2.95084 0 0.982915
1752 2.95084 0 0.982915
1753 2.94665 0 0.982078
1754 2.94665 0 0.982078
1755 2.94665 0 0.982078
1756 2.95124 0 0.982995
1757 2.95124 0 0.982995
1758 2.95124 0 0.982995
1759 2.95124 0 0.982995
1760 2.95354 0 0.983455
1761 2.95354 0 0.983455
1762 2.95354 0 0.983455
1763 2.95354 0 0.983455
1764 2.95354 0 0.983455
1765 2.96252 0 0.985251
1766 2.96252 0 0.985251
1767 2.96252 0 0.985251
1768 2.96252 0 0.985251
1769 2.94917 0 0.982582
1770 2.94917 0 0.982582
1771 2.94917 0 0.982582
1772 2.94917 0 0.982582
1773 2.95366 0 0.983478
1774 2.95366 0 0.983478
1775 2.95366 0 0.983478
1776 2.95366 0 0.983478
1777 2.94676 0 0.982099
1778 2.94676 0 0.982099
1779 2.94676 0 0.982099
1780 2.94676 0 0.982099
1781 2.9457 0 0.981888
1782 2.9457 0 0.981888
1783 2.9457 0 0.981888
1784 2.9457 0 0.981888
1785 2.93737 0 0.980222
1786 2.93737 0 0.980222
1787 2.93737 0 0.980222
1788 2.93737 0 0.980222
1789 2.94626 0 0.981999
1790 2.94626 0 0.981999
1791 2.94626 0 0.981999
1792 2.94626 0 0.981999
1793 2.9566 0 0.984068
1794 2.9566 0 0.984068
1795 2.9566 0 0.984068
1796 2.9533 0 0.983407
1797 2.9533 0 0.983407
1798 2.9533 0 0.983407
1799 2.9533 0 0.983407
1800 2.95273 0 1
1801 2.95273 0 1
1802 2.95273 0 1
1803 2.95273 0 1
1804 2.93943 0 1
1805 2.93943 0 1
1806 2.93943 0 1
1807 2.93943 0 1
1808 2.96077 0 1
1809 2.96077 0 1
1810 2.96077 0 1
1811 2.96077 0 1
1812 2.94193 0 1
1813 2.94193 0 1
1814 2.94193 0 1
1815 2.94193 0 1
1816 2.9527 0 1
1817 2.9527 0 1
1818 2.9527 0 1
1819 2.9527 0 1
1820 2.94684 0 1
1821 2.94684 0 1
1822 2.94684 0 1
1823 2.89606 0 1
1824 2.89606 0 1
1825 2.89606 0 1
1826 2.89606 0 1
1827 2.89606 0 1
1828 2.94821 0 1
1829 2.94821 0 1
1830 2.94821 0 1
1831 2.94821 0 1
1832 2.95293 0 1
1833 2.95293 0 1
1834 2.95293 0 1
1835 2.95293 0 1
1836 2.94917 0 1
1837 2.94917 0 1
1838 2.94917 0 1
1839 2.94917 0 1
1840 2.95356 0 1
1841 2.95356 0 1
1842 2.95356 0 1
1843 2.95356 0 1
1844 2.95661 0 1
1845 2.95661 0 1
1846 2.95661 0 1
1847 2.95661 0 1
1848 2.95789 0 1
1849 2.95789 0 1
1850 2.95789 0 1
1851 2.94038 0 1
1852 2.94038 0 1
1853 2.94038 0 1
1854 2.94038 0 1
1855 2.95617 0 1
1856 2.95617 0 1
1857 2.95617 0 1
1858 2.95617 0 1
1859 2.95524 0 1
1860 2.95524 0 1
1861 2.95524 0 1
1862 2.95524 0 1
1863 2.95524 0 1
1864 2.95168 0 1
1865 2.95168 0 1
1866 2.95168 0 1
1867 2.95168 0 1
1868 2.95485 0 1
1869 2.95485 0 1
1870 2.95485 0 1
1871 2.95485 0 1
1872 2.94381 0 1
1873 2.94381 0 1
1874 2.94381 0 1
1875 2.94381 0 1
1876 2.94238 0 1
1877 2.94238 0 1
1878 2.94238 0 1
1879 2.94238 0 1
1880 2.95374 0 1
1881 2.95374 0 1
1882 2.95374 0 1
1883 2.95374 0 1
1884 2.95374 0 1
1885 2.91751 0 1
1886 2.91751 0 1
1887 2.91751 0 1
1888 2.91751 0 1
1889 2.95292 0 1
1890 2.95292 0 1
1891 2.95292 0 1
1892 2.95292 0 1
1893 2.95465 0 1
1894 2.95465 0 1
1895 2.95465 0 1
1896 2.95465 0 1
1897 2.96164 0 1
1898 2.96164 0 1
1899 2.96164 0 1
1900 2.96164 0 1
1901 2.94766 0 1
1902 2.94766 0 1
1903 2.94766 0 1
1904 2.94766 0 1
1905 2.95666 0 1
1906 2.95666 0 1
1907 2.95666 0 1
1908 2.95666 0 1
1909 2.95919 0 1
1910 2.95919 0 1
1911 2.95919 0 1
1912 2.95919 0 1
1913 2.95919 0 1
1914 2.94805 0 1
1915 2.94805 0 1
1916 2.94805 0 1
1917 2.95417 0 1
1918 2.95417 0 1
1919 2.95417 0 1
1920 2.95417 0 1
1921 2.9575 0 1
1922 2.9575 0 1
1923 2.9575 0 1
